64 148 177 73 129 72 75 128 32 104 53 132 42 34 142 299 78 328 241 533
78 238 246 209 190 54 19 178 116 181 27 96 171 201 99 100 163 145 158 35
5 89 65 121 46 74 64 148 177 73 129 72 75 128 32 103 52 131 41 93
5 89 65 121 47 74 64 148 177 73 129 72 75 128 32 104 53 132 42 34
11 5 89 65 121 47 74 64 148 177 73 129 72 75 128 32 103 52 131 41
78 238 246 209 190 54 19 178 116 64 148 177 73 129 72 75 128 32 104 53
11 5 89 65 121 46 74 64 148 177 73 129 72 75 128 32 104 53 132 42
28 133 348 348 11 5 89 65 121 47 74 64 148 177 73 129 72 75 128 32
148 177 73 129 72 75 128 32 104 53 132 42 34 142 102 105 162 145 158 35
74 64 148 177 73 129 72 75 128 32 104 53 132 42 34 142 102 105 162 145
64 148 177 73 129 72 75 128 32 104 53 132 42 34 142 102 105 162 145 158
89 65 121 46 74 64 148 177 73 129 72 75 128 32 104 53 132 42 34 142
348 348 11 5 89 65 121 47 74 64 148 177 73 129 72 75 128 32 104 53
28 133 348 348 11 5 89 65 121 47 74 64 148 177 73 129 72 75 128 32
348 348 11 5 89 65 121 47 74 64 148 177 73 129 72 75 128 32 104 53
5 89 65 121 47 74 64 148 177 73 129 72 75 128 32 104 53 132 42 34
64 148 177 73 129 72 75 128 32 104 53 132 42 34 142 102 105 162 145 158
5 89 65 121 47 74 64 148 177 73 129 72 75 128 32 104 53 132 42 34
5 89 65 121 47 74 64 148 177 73 129 72 75 128 32 104 53 132 42 34
28 133 348 348 11 5 89 65 121 46 74 64 148 177 73 129 72 75 128 32
5 89 65 121 47 74 64 148 177 73 129 72 75 128 32 104 53 132 42 34
343 78 238 246 209 190 54 19 178 116 181 27 96 171 201 99 100 163 145 158
5 5 89 65 121 47 74 64 148 177 73 129 72 75 128 32 104 53 132 42
64 148 177 73 129 72 75 128 32 104 53 132 42 34 142 102 105 162 145 158
343 78 238 246 209 190 54 19 178 116 181 27 96 171 201 99 100 163 145 158
65 121 47 74 64 148 177 73 129 72 75 128 32 103 52 131 41 93 33 141
74 64 148 177 73 129 72 75 128 32 104 53 132 42 34 142 102 105 162 145
348 348 11 5 89 65 121 47 74 64 148 177 73 129 72 75 128 32 104 53
89 65 121 46 74 64 148 177 73 129 72 75 128 32 104 53 132 42 34 142
64 148 177 73 129 72 75 128 32 104 53 132 42 34 142 102 105 162 145 158
5 89 65 121 47 74 64 148 177 73 129 72 75 128 32 104 53 132 42 34
28 133 348 348 11 5 89 65 121 47 74 64 148 177 73 129 72 75 128 32
11 5 89 65 121 47 74 64 148 177 73 129 72 75 128 32 103 52 131 41
5 89 65 121 46 74 64 148 177 73 129 72 75 128 32 104 53 132 42 34
5 89 65 121 47 74 64 148 177 73 129 72 75 128 32 104 53 132 42 34
5 89 65 121 46 74 64 148 177 73 129 72 75 128 32 104 53 132 42 34
265 78 238 246 209 190 54 19 178 116 181 27 96 171 201 99 100 163 145 158
11 5 89 65 121 46 74 64 148 177 73 129 72 75 128 32 104 53 132 42
74 64 148 177 73 129 72 75 128 32 103 52 131 41 93 33 141 101 106 162
348 348 11 5 89 65 121 47 74 64 148 177 73 129 72 75 128 32 104 53
65 121 47 74 64 148 177 73 129 72 75 128 32 103 52 131 41 93 33 141
5 89 65 121 47 74 64 148 177 73 129 72 75 128 32 104 53 132 42 34
5 89 65 121 47 74 64 148 177 73 129 72 75 128 32 104 53 132 42 34
28 133 348 348 11 5 89 65 121 47 74 64 148 177 73 129 72 75 128 32
5 89 65 121 46 74 64 148 177 73 129 72 75 128 32 103 52 131 41 93
28 133 348 348 11 5 89 65 121 46 74 64 148 177 73 129 72 75 128 32
28 133 348 348 11 5 89 65 121 47 74 64 148 177 73 129 72 75 128 32
5 89 65 121 47 74 64 148 177 73 129 72 75 128 32 103 52 131 41 93
5 89 65 121 46 74 64 148 177 73 129 72 75 128 32 104 53 132 42 34
148 177 73 129 72 75 128 32 103 52 131 41 93 33 141 101 106 162 145 158
5 89 65 121 47 74 64 148 177 73 129 72 75 128 32 104 53 132 42 34
65 121 46 74 64 148 177 73 129 72 75 128 32 103 52 131 41 93 33 141
5 5 89 65 121 46 74 64 148 177 73 129 72 75 128 32 104 53 132 42
64 148 177 73 129 72 75 128 32 104 53 132 42 34 142 102 105 162 145 158
5 89 65 121 46 74 64 148 177 73 129 72 75 128 32 104 53 132 42 34
89 65 121 46 74 64 148 177 73 129 72 75 128 32 104 53 132 42 34 142
65 121 47 74 64 148 177 73 129 72 75 128 32 103 52 131 41 93 33 141
65 121 47 74 64 148 177 73 129 72 75 128 32 103 52 131 41 93 33 141
5 89 65 121 46 74 64 148 177 73 129 72 75 128 32 104 53 132 42 34
11 5 89 65 121 47 74 64 148 177 73 129 72 75 128 32 104 53 132 42
89 65 121 47 74 64 148 177 73 129 72 75 128 32 104 53 132 42 34 142
5 89 65 121 46 74 64 148 177 73 129 72 75 128 32 103 52 131 41 93
348 348 11 5 89 65 121 46 74 64 148 177 73 129 72 75 128 32 103 52
65 121 46 74 64 148 177 73 129 72 75 128 32 104 53 132 42 34 142 102
348 348 11 5 89 65 121 47 74 64 148 177 73 129 72 75 128 32 104 53
28 133 348 348 11 5 89 65 121 47 74 64 148 177 73 129 72 75 128 32
343 78 238 246 209 190 54 19 178 116 181 27 96 171 201 99 100 163 145 158
348 348 11 5 89 65 121 47 74 64 148 177 73 129 72 75 128 32 103 52
11 5 89 65 121 47 74 64 148 177 73 129 72 75 128 32 104 53 132 42
89 65 121 148 177 73 129 72 75 128 32 104 53 132 42 34 142 102 105 162
537 228 260 297 535 272 246 209 190 54 19 179 116 181 27 96 171 201 99 343
5 89 65 121 47 74 64 148 177 73 129 72 75 128 32 104 53 132 42 34
5 89 65 121 47 74 64 148 177 73 129 72 75 128 32 104 53 132 42 34
89 65 121 47 74 64 148 177 73 129 72 75 128 32 104 53 132 42 34 142
5 89 65 121 47 74 64 148 177 73 129 72 75 128 32 104 53 132 42 34
28 133 348 348 11 5 89 65 121 47 74 64 148 177 73 129 72 75 128 32
65 121 47 74 64 148 177 73 129 72 75 128 32 104 53 132 42 34 142 102
89 65 121 47 74 64 148 177 73 129 72 75 128 32 104 53 132 42 34 142
348 348 11 5 89 65 121 47 74 64 148 177 73 129 72 75 128 32 104 53
28 133 348 348 11 5 89 65 121 47 74 64 148 177 73 129 72 75 128 32
28 133 348 348 11 5 89 65 121 47 74 64 148 177 73 129 72 75 128 32
28 133 348 348 11 5 89 65 121 47 74 64 148 177 73 129 72 75 128 32
89 65 121 47 74 64 148 177 73 129 72 75 128 32 104 53 132 42 34 142
64 148 177 73 129 72 75 128 32 104 53 132 42 34 142 102 105 162 145 158
65 121 46 74 64 148 177 73 129 72 75 128 32 104 53 132 42 34 142 102
243 265 78 238 246 209 190 54 19 178 116 181 27 96 171 201 99 100 163 145
11 5 89 65 121 47 74 64 148 177 73 129 72 75 128 32 104 53 132 42
5 89 65 121 46 74 64 148 177 73 129 72 75 128 32 103 52 131 41 93
28 133 348 348 11 5 89 65 121 47 74 64 148 177 73 129 72 75 128 32
28 133 348 348 11 5 89 65 121 47 74 64 148 177 73 129 72 75 128 32
343 78 238 246 209 190 54 19 178 116 181 27 96 171 201 99 100 163 145 158
89 65 121 47 74 64 148 177 73 129 72 75 128 32 104 53 132 42 34 142
28 133 348 348 11 5 89 65 121 47 74 64 148 177 73 129 72 75 128 32
243 265 78 238 246 209 190 54 19 178 116 181 27 96 171 201 99 100 163 145
5 89 65 121 47 74 64 148 177 73 129 72 75 128 32 104 53 132 42 34
28 133 348 348 11 5 89 65 121 47 74 64 148 177 73 129 72 75 128 32
243 265 78 238 246 209 190 54 19 178 116 181 27 96 171 201 99 100 163 145
28 133 348 348 11 5 89 65 121 46 74 64 148 177 73 129 72 75 128 32
243 265 78 238 246 209 190 54 19 178 116 181 27 96 171 201 99 100 163 145
65 121 46 74 64 148 177 73 129 72 75 128 32 104 53 132 42 34 142 102
89 65 121 46 74 64 148 177 73 129 72 75 128 32 104 53 132 42 34 142
5 89 65 121 46 74 64 148 177 73 129 72 75 128 32 103 52 131 41 93
65 121 46 74 64 148 177 73 129 72 75 128 32 104 53 132 42 34 142 102
5 89 65 121 47 74 64 148 177 73 129 72 75 128 32 104 53 132 42 34
28 133 348 348 11 5 89 65 121 47 74 64 148 177 73 129 72 75 128 32
64 148 177 73 129 72 75 128 32 104 53 132 42 34 142 102 105 162 145 158
28 133 348 348 11 5 89 65 121 47 74 64 148 177 73 129 72 75 128 32
28 133 348 348 11 5 89 65 121 47 74 64 148 177 73 129 72 75 128 32
343 78 238 246 209 190 54 19 178 116 181 27 96 171 201 99 100 163 145 158
5 89 65 121 46 74 64 148 177 73 129 72 75 128 32 104 53 132 42 34
28 133 348 348 11 5 89 65 121 47 74 64 148 177 73 129 72 75 128 32
89 65 121 47 74 64 148 177 73 129 72 75 128 32 104 53 132 42 34 142
89 65 121 46 74 64 148 177 73 129 72 75 128 32 103 52 131 41 93 33
89 65 121 47 74 64 148 177 73 129 72 75 128 32 104 53 132 42 34 142
64 148 177 73 129 72 75 128 32 104 53 132 42 34 142 102 105 162 145 158
28 133 348 348 11 5 89 65 121 47 74 64 148 177 73 129 72 75 128 32
243 265 78 238 246 209 190 54 19 178 116 181 27 96 171 201 99 100 163 145
28 133 348 348 11 5 89 65 121 47 74 64 148 177 73 129 72 75 128 32
65 121 46 74 64 148 177 73 129 72 75 128 32 104 53 132 42 34 142 102
343 78 238 246 209 190 54 19 178 116 181 27 96 171 201 99 100 163 145 158
5 89 65 121 46 74 64 148 177 73 129 72 75 128 32 104 53 132 42 34
28 133 348 348 11 5 89 65 121 47 74 64 148 177 73 129 72 75 128 32
348 348 11 5 89 65 121 47 74 64 148 177 73 129 72 75 128 32 104 53
89 65 121 47 74 64 148 177 73 129 72 75 128 32 104 53 132 42 34 142
348 348 11 5 89 65 121 47 74 64 148 177 73 129 72 75 128 32 104 53
348 348 11 5 89 65 121 47 74 64 148 177 73 129 72 75 128 32 103 52
64 148 177 73 129 72 75 128 32 103 52 131 41 93 33 141 101 106 162 145
5 89 65 121 46 74 64 148 177 73 129 72 75 128 32 104 53 132 42 34
348 348 11 5 89 65 121 47 74 64 148 177 73 129 72 75 128 32 104 53
243 265 78 238 246 209 190 74 64 148 177 73 177 73 129 72 75 128 32 104
89 65 121 46 74 64 148 177 73 129 72 75 128 32 103 52 131 41 93 33
5 89 65 121 47 74 64 148 177 73 129 72 75 128 32 104 53 132 42 34
89 65 121 46 74 64 148 177 73 129 72 75 128 32 103 52 131 41 93 33
343 78 238 246 209 190 54 19 178 116 181 27 96 171 201 99 100 163 145 158
5 89 65 121 46 74 64 148 177 73 129 72 75 128 32 104 53 132 42 34
28 133 348 348 11 5 89 65 121 46 74 64 148 177 73 129 72 75 128 32
348 348 11 5 89 65 121 47 74 64 148 177 73 129 72 75 128 32 104 53
5 89 65 121 47 74 64 148 177 73 129 72 75 128 32 103 52 131 41 93
28 133 348 348 11 5 89 65 121 47 74 64 148 177 73 129 72 75 128 32
28 133 348 348 11 5 89 65 121 47 74 64 148 177 73 129 72 75 128 32
28 133 348 348 11 5 89 65 121 47 74 64 148 177 73 129 72 75 128 32
5 89 65 121 47 74 64 148 177 73 129 72 75 128 32 104 53 132 42 34
65 121 46 74 64 148 177 73 129 72 75 128 32 104 53 132 42 34 142 102
89 65 121 46 74 64 148 177 73 129 72 75 128 32 104 53 132 42 34 142
243 265 78 238 246 209 190 54 19 178 116 181 27 96 171 201 99 100 163 145
89 65 121 47 74 64 148 177 73 129 72 75 128 32 103 52 131 41 93 33
65 121 46 74 64 148 177 73 129 72 75 128 32 104 53 132 42 34 142 102
65 121 46 74 64 148 177 73 129 72 75 128 32 104 53 132 42 34 142 102
11 5 89 65 121 47 74 64 148 177 73 129 72 75 128 32 103 52 131 41
28 133 348 348 11 5 89 65 121 47 74 64 148 177 73 129 72 75 128 32
243 265 78 238 246 209 190 54 19 178 116 181 27 96 171 201 99 100 163 145
28 133 348 348 11 5 89 65 121 46 74 64 148 177 73 129 72 75 128 32
163 145 158 35 75 128 32 104 53 132 42 34 142 102 105 162 145 158 35 137
74 64 148 177 73 129 72 75 128 32 104 53 132 42 34 142 102 105 162 145
5 89 65 121 47 74 64 148 177 73 129 72 75 128 32 104 53 132 42 34
5 89 65 121 47 74 64 148 177 73 129 72 75 128 32 103 52 131 41 93
348 348 11 5 89 65 121 47 74 64 148 177 73 129 72 75 128 32 104 53
243 265 78 238 246 209 190 54 19 178 116 181 27 96 171 201 99 100 163 145
5 89 65 121 47 74 64 148 177 73 129 72 75 128 32 104 53 132 42 34
343 78 238 246 209 190 54 19 178 116 181 27 96 171 201 99 100 163 145 148
89 65 121 47 74 64 148 177 73 129 72 75 128 32 103 52 131 41 93 33
11 5 89 65 121 47 74 64 148 177 73 129 72 75 128 32 104 53 132 42
5 89 65 121 47 74 64 148 177 73 129 72 75 128 32 104 53 132 42 34
65 121 47 74 64 148 177 73 129 72 75 128 32 104 53 132 42 34 142 102
243 265 78 238 246 209 190 54 19 178 116 181 27 96 171 201 99 100 163 145
286 243 243 265 78 238 246 209 190 54 19 178 116 181 160 136 145 158 35 75
343 78 238 246 209 190 54 19 178 116 181 27 96 171 201 99 100 163 145 158
89 65 121 46 74 64 148 177 73 129 72 75 128 32 104 53 132 42 34 142
65 121 47 74 64 148 177 73 129 72 75 128 32 103 52 131 41 93 33 141
89 65 121 46 74 64 148 177 73 129 72 75 128 32 103 52 131 41 93 33
343 78 238 246 209 190 54 19 178 116 181 27 96 171 201 99 100 163 145 158
5 89 65 121 47 74 64 148 177 73 129 72 75 128 32 104 53 132 42 34
5 89 65 121 47 74 64 148 177 73 129 72 75 128 32 104 53 132 42 34
5 89 65 121 47 74 64 148 177 73 129 72 75 128 32 103 52 131 41 93
65 121 47 74 64 148 177 73 129 72 75 128 32 104 53 132 42 34 142 102
65 121 47 74 64 148 177 73 129 72 75 128 32 104 53 132 42 34 142 102
343 78 238 246 209 190 54 19 178 116 181 27 96 171 201 99 100 163 145 158
5 89 65 121 47 74 64 148 177 73 129 72 75 128 32 104 53 132 42 34
28 133 348 348 11 5 89 65 121 47 74 64 148 177 73 129 72 75 128 32
5 89 65 121 47 74 64 148 177 73 129 72 75 128 32 104 53 132 42 34
5 33 141 101 106 162 145 158 35 89 75 128 32 104 53 132 42 34 142 102
65 121 47 74 64 148 177 73 129 72 75 128 32 104 53 132 42 34 142 102
343 78 238 246 209 190 54 19 178 116 181 27 96 171 201 99 100 163 145 158
243 265 78 238 246 209 190 54 19 178 116 181 27 96 171 201 99 100 163 145
11 5 89 65 121 47 74 64 148 177 73 129 72 75 128 32 104 53 132 42
5 89 65 121 47 74 64 148 177 73 129 72 75 128 32 103 52 131 41 93
243 265 78 238 246 209 190 54 19 178 116 181 27 96 171 201 99 100 163 145
74 64 148 177 73 129 72 75 128 32 104 53 132 42 34 142 102 105 162 145
65 121 46 74 64 148 177 73 129 72 75 128 32 104 53 132 42 34 142 102
5 89 65 121 46 74 64 148 177 73 129 72 75 128 32 104 53 132 42 34
243 265 78 238 246 209 190 54 19 178 116 181 27 96 171 201 99 100 163 145
74 64 148 177 73 129 72 75 128 32 104 53 132 42 34 142 102 105 162 145
343 78 238 246 209 190 54 19 178 116 181 27 96 171 201 99 100 163 145 158
28 133 348 348 11 5 89 65 121 47 74 64 148 177 73 129 72 75 128 32
89 65 121 46 74 64 148 177 73 129 72 75 128 32 104 53 132 42 34 142
89 65 121 47 74 64 148 177 73 129 72 75 128 32 104 53 132 42 34 142
343 78 238 246 209 190 54 19 178 116 181 27 96 171 201 99 100 163 145 158
5 89 65 121 47 74 64 148 177 73 129 72 75 128 32 104 53 132 42 34
28 133 348 348 11 5 89 65 121 47 74 64 148 177 73 129 72 75 128 32
28 133 348 348 11 5 89 65 121 47 74 64 148 177 73 129 72 75 128 32
243 265 78 238 246 209 190 54 19 178 116 181 27 96 171 201 99 100 163 145
65 121 46 74 64 148 177 73 129 72 75 128 32 104 53 132 42 34 142 102
28 133 348 348 11 5 89 65 121 47 74 64 148 177 73 129 72 75 128 32
343 78 238 246 209 190 54 19 178 116 181 27 96 171 201 99 100 163 145 158
64 148 177 73 129 72 75 128 32 103 52 131 41 93 33 141 101 106 162 145
28 133 348 348 11 5 89 65 121 47 74 64 148 177 73 129 72 75 128 32
89 65 121 47 74 238 246 209 190 54 19 178 116 181 27 96 171 201 99 100
5 89 65 121 47 74 64 148 177 73 129 72 75 128 32 104 53 132 42 34
28 133 348 348 11 5 89 65 121 46 74 64 148 177 73 129 72 75 128 32
5 89 65 121 47 74 64 148 177 73 129 72 75 128 32 104 53 132 42 34
89 65 121 46 74 64 148 177 73 129 72 75 128 32 104 53 132 42 34 142
89 65 121 47 74 64 148 177 73 129 72 75 128 32 104 53 132 42 34 142
348 348 11 5 89 65 121 47 74 64 148 177 73 129 72 75 128 32 103 52
89 65 121 46 74 64 148 177 73 129 72 75 128 32 103 52 131 41 93 33
5 89 65 121 46 74 64 148 177 73 129 72 75 128 32 104 53 132 42 34
89 65 121 47 74 64 148 177 73 129 72 75 128 32 104 53 132 42 34 142
89 65 121 46 74 64 148 177 73 129 72 75 128 32 104 53 132 42 34 142
28 133 348 348 11 5 89 65 121 47 74 64 148 177 73 129 72 75 128 32
89 65 121 47 74 64 148 177 73 129 72 75 128 32 104 53 132 42 34 142
5 89 65 121 46 74 64 148 177 73 129 72 75 128 32 104 53 132 42 34
5 89 65 121 47 74 64 148 177 73 129 72 75 128 32 104 53 132 42 34
28 133 348 348 11 5 89 65 121 47 74 64 148 177 73 129 72 75 128 32
5 89 65 121 46 74 64 148 177 73 129 72 75 128 32 104 53 132 42 34
65 121 47 74 64 148 177 73 129 72 75 128 32 104 53 132 42 34 142 102
28 133 348 348 11 5 89 65 121 47 74 64 148 177 73 129 72 75 128 32
5 89 65 121 47 74 64 148 177 73 129 72 75 128 32 104 53 132 42 34
28 133 348 348 11 5 89 65 121 47 74 64 148 177 73 129 72 75 128 32
148 177 73 129 72 75 128 32 103 52 131 41 93 33 141 101 106 162 145 158
28 133 348 348 11 5 89 65 121 47 74 64 148 177 73 129 72 75 128 32
65 121 46 74 64 148 177 73 129 72 75 128 32 104 53 132 42 34 142 102
65 121 47 74 64 148 177 73 129 72 75 128 32 104 53 132 42 34 142 102
64 148 177 73 129 72 75 128 32 104 53 132 42 34 142 102 105 162 145 158
148 177 73 129 72 75 128 32 104 53 132 42 34 142 102 105 162 145 158 104
243 265 78 238 246 209 190 54 19 178 116 181 27 96 171 201 348 348 11 5
343 78 238 246 209 190 54 19 178 116 181 27 96 171 201 99 100 163 145 158
343 78 238 246 209 190 54 19 178 116 181 27 96 171 201 99 100 163 145 158
5 89 65 121 47 74 64 148 177 73 129 72 75 128 32 104 53 132 42 34
343 78 238 246 209 190 54 19 178 116 181 27 96 171 201 99 100 163 145 158
64 148 177 73 129 72 75 128 32 104 53 132 42 34 142 102 105 162 145 158
343 78 238 246 209 190 54 19 178 116 181 27 96 171 201 99 100 163 145 158
89 65 121 46 74 64 148 177 73 129 72 75 128 32 104 53 132 42 34 142
205 208 243 265 343 78 238 246 209 190 54 19 178 116 181 27 96 171 201 99
348 348 11 5 89 65 121 46 74 64 148 177 73 129 72 75 128 32 103 52
65 121 47 74 64 148 177 73 129 72 75 128 32 103 52 131 41 93 33 141
243 265 78 238 246 209 190 54 19 178 116 181 27 96 171 201 99 100 163 145
243 332 343 78 238 246 209 190 54 19 178 116 181 27 96 171 201 99 100 163
33 141 101 106 162 145 158 35 528 484 348 348 11 5 89 65 121 47 74 64
89 65 121 46 74 64 148 177 73 129 72 75 128 32 104 53 132 42 34 142
64 148 177 73 129 72 75 128 32 104 53 132 42 34 142 102 105 162 145 158
343 78 238 246 209 190 54 19 178 116 181 27 96 171 201 99 100 163 145 158
243 265 78 238 246 209 190 54 19 178 116 181 27 96 171 201 99 100 163 145
28 133 348 348 11 5 89 65 121 47 74 64 148 177 73 129 72 75 128 32
5 89 65 121 47 74 64 148 177 73 129 72 75 128 32 104 53 132 42 34
5 89 65 121 47 74 64 148 177 73 129 72 75 128 32 104 53 132 42 34
348 348 11 5 89 65 121 47 74 64 148 177 73 129 72 75 128 32 104 53
343 78 238 246 209 190 54 19 178 116 181 27 96 171 201 99 100 163 145 158
28 133 348 348 11 5 89 65 121 47 74 64 148 177 73 129 72 75 128 32
348 348 11 5 89 65 121 47 74 64 148 177 73 129 72 75 128 32 104 53
74 64 148 177 73 129 72 75 128 32 104 53 132 42 34 142 102 105 162 145
74 64 148 177 73 129 72 75 128 32 103 52 131 41 93 33 141 101 106 162
348 348 11 5 89 65 121 46 74 64 148 177 73 129 72 75 128 32 103 52
348 348 11 5 89 65 121 47 74 64 148 177 73 129 72 75 128 32 103 52
148 177 73 129 72 75 128 32 104 53 132 42 34 142 102 105 162 145 158 35
89 65 121 47 74 64 148 177 73 129 72 75 128 32 104 53 132 42 34 142
348 348 11 5 89 65 121 46 74 64 148 177 73 129 72 75 128 32 104 53
28 133 348 348 11 5 89 65 121 47 74 64 148 177 73 129 72 75 128 32
65 121 47 74 64 148 177 73 129 72 75 128 32 103 52 131 41 93 33 141
28 133 348 348 11 5 89 65 121 47 74 64 148 177 73 129 72 75 128 32
243 265 78 238 246 209 190 54 19 178 116 181 27 96 171 201 99 100 163 145
348 11 5 89 65 121 47 74 64 148 177 73 129 72 75 128 32 104 53 132
89 65 121 47 74 64 148 177 73 129 72 75 128 32 104 53 132 42 34 142
28 133 348 348 11 89 65 121 47 74 64 148 177 73 129 72 75 128 32 104
243 265 78 238 246 209 190 54 19 178 116 181 27 96 171 201 99 100 163 145
343 78 238 246 209 190 54 19 178 116 181 27 96 171 201 99 100 163 145 158
65 121 46 74 64 148 177 73 129 72 75 128 32 104 53 132 42 34 142 102
65 121 47 74 64 148 177 73 129 72 75 128 32 103 52 131 41 93 33 141
5 89 65 121 47 74 64 148 177 73 129 72 75 128 32 103 52 131 41 93
89 65 121 46 74 64 148 177 73 129 72 75 128 32 104 53 132 42 34 142
64 148 177 73 129 72 75 128 32 104 53 132 42 34 142 102 105 162 145 158
74 64 148 177 73 129 72 75 128 32 104 53 132 42 34 142 102 105 162 145
65 121 46 74 64 148 177 73 129 72 75 128 32 104 53 132 42 34 142 102
89 65 121 46 74 64 148 177 73 129 72 75 128 32 104 53 132 42 34 142
343 78 238 246 209 190 54 19 178 116 181 27 96 171 201 99 100 163 145 158
28 133 348 348 97 11 5 89 65 121 47 74 64 148 177 73 129 72 75 128
74 64 148 177 73 129 72 75 128 32 103 52 131 41 93 11 5 89 65 121
11 5 89 65 121 47 74 64 148 177 73 129 72 75 128 32 104 53 132 42
28 133 348 348 11 5 89 65 121 47 74 64 148 177 73 129 72 75 128 32
89 65 121 46 74 64 148 177 73 129 72 75 128 32 104 53 132 42 34 142
65 121 46 74 64 148 177 73 129 72 75 128 32 104 53 132 42 34 142 102
348 348 11 5 89 65 121 47 74 64 148 177 73 129 72 75 128 32 104 53
89 65 121 46 74 64 148 177 73 129 72 75 128 32 104 53 132 42 34 142
28 133 348 348 11 5 89 65 121 47 74 64 148 177 73 129 72 75 128 32
348 348 11 5 89 65 121 47 74 64 148 177 73 129 72 75 128 32 103 52
5 89 65 121 47 74 64 148 177 73 129 72 75 128 32 104 53 132 42 34
5 89 65 121 47 74 64 148 177 73 129 72 75 128 32 103 52 131 41 93
5 89 65 121 47 74 64 148 177 73 129 72 75 128 32 104 53 132 42 34
148 177 73 129 72 75 128 32 104 53 132 42 34 142 102 105 162 145 158 35
28 133 348 348 11 5 89 65 121 47 74 64 148 177 73 129 72 75 128 32
177 73 129 72 75 128 32 104 53 132 42 34 142 102 105 162 145 158 35 528
348 348 11 5 89 65 121 47 74 64 148 177 73 129 72 75 128 32 103 52
5 89 65 121 47 74 64 148 177 73 129 72 75 128 32 104 53 132 42 34
343 78 238 246 209 190 54 19 178 116 181 27 96 171 201 99 100 163 145 158
89 65 121 46 74 64 148 177 73 129 72 75 128 32 104 53 132 42 34 142
89 65 121 46 74 64 148 177 73 129 72 75 128 32 104 53 132 42 34 142
74 64 148 177 73 129 72 75 128 32 104 53 132 42 34 142 102 105 162 145
343 78 238 246 209 190 54 19 178 116 181 27 96 171 201 99 100 163 145 158
343 78 238 246 209 190 54 19 178 116 181 27 96 171 201 99 100 163 145 158
28 133 348 348 11 5 89 65 121 343 78 238 246 209 190 54 19 178 116 181
5 89 65 121 47 74 64 148 177 73 129 72 75 128 32 104 53 132 42 34
28 133 348 348 11 5 89 65 121 47 74 64 148 177 73 129 72 75 128 32
28 133 348 348 11 5 89 65 121 47 74 64 148 177 73 129 72 75 128 32
74 64 148 177 73 129 72 75 128 32 103 52 131 41 93 33 141 101 106 162
28 133 348 348 11 5 89 89 65 121 47 74 64 148 177 73 129 72 75 128
89 65 121 46 74 64 148 177 73 129 72 75 128 32 103 52 131 41 93 33
28 133 348 348 11 5 89 65 121 47 74 64 148 177 73 129 72 75 128 32
148 177 73 129 72 75 128 32 104 53 132 42 34 142 102 105 162 145 158 35
5 89 65 121 47 74 64 148 507 239 537 209 190 54 19 178 116 181 27 96
348 348 11 5 89 65 121 47 74 64 148 177 73 129 72 75 128 32 104 53
348 348 11 5 89 65 121 47 74 64 148 177 73 129 72 75 128 32 104 53
74 64 148 177 73 129 72 75 128 32 104 53 132 42 34 142 102 105 162 145
5 89 65 121 47 74 64 148 177 73 129 72 75 128 32 103 52 131 41 93
5 89 65 121 46 74 64 148 177 73 129 72 75 128 32 104 53 132 42 34
11 5 89 65 121 47 74 64 148 177 73 129 72 75 128 32 104 53 132 42
5 89 65 121 47 74 64 148 177 73 129 72 75 128 32 103 52 131 41 93
28 133 348 348 11 5 89 65 121 46 74 64 148 177 73 129 72 75 128 32
331 470 537 500 243 265 343 78 238 246 209 190 54 19 178 116 181 27 96 171
5 89 65 121 47 74 64 148 177 73 129 72 75 128 32 104 53 132 42 34
5 89 65 121 46 74 64 148 177 73 129 72 75 128 32 104 53 132 42 34
243 265 78 238 246 209 190 54 19 178 116 181 27 96 171 201 99 100 163 145
28 133 348 348 11 5 89 65 121 47 74 64 148 177 73 129 72 75 128 32
65 121 47 74 64 148 177 73 129 72 75 128 32 104 53 132 42 34 142 102
5 89 65 121 47 74 64 148 177 73 129 72 75 128 32 104 53 132 42 34
89 65 121 46 74 64 148 177 73 129 72 75 128 32 104 53 132 42 34 142
28 133 348 348 11 5 89 65 121 47 74 64 148 177 73 129 72 75 128 32
243 265 78 238 246 209 190 54 19 178 116 181 27 96 171 201 99 100 163 145
89 65 121 46 74 64 148 177 73 129 72 75 128 32 104 53 132 42 34 142
28 133 348 348 11 5 89 65 121 47 74 64 148 177 73 129 72 75 128 32
5 121 47 74 64 148 177 73 129 72 75 128 32 104 53 132 42 34 142 102
65 121 47 74 64 148 177 73 129 72 75 128 32 103 52 131 41 93 33 141
65 121 47 74 64 148 177 73 129 72 75 128 32 104 53 132 42 34 142 102
343 78 238 246 209 190 54 19 178 116 181 27 96 171 201 99 100 163 145 158
5 89 65 121 47 74 64 148 177 73 129 72 75 128 32 104 53 132 42 34
28 133 348 348 11 5 89 65 121 46 74 64 148 177 73 129 72 75 128 32
28 133 348 348 11 5 89 65 121 47 74 64 148 177 73 129 72 75 128 32
148 177 73 129 72 75 128 32 104 53 132 42 34 142 102 105 162 145 158 35
28 133 348 348 11 5 89 65 121 47 74 64 148 177 73 129 72 75 128 32
5 89 65 121 47 74 64 148 177 73 129 72 75 128 32 104 53 132 42 34
64 148 177 73 129 72 75 128 32 104 53 132 42 34 142 102 105 162 145 158
348 348 11 5 89 65 121 46 74 64 148 177 73 129 72 75 128 32 104 53
65 121 47 74 64 148 177 73 129 72 75 128 32 104 53 132 42 34 142 102
64 148 177 73 129 72 75 128 32 104 53 132 42 34 142 102 105 162 145 158
11 5 89 65 121 47 74 64 148 177 73 129 72 75 128 32 103 52 131 41
348 348 11 5 89 65 121 46 74 64 148 177 73 129 72 75 128 32 104 53
5 89 65 121 89 65 121 46 74 64 148 177 73 129 72 75 128 32 104 53
89 65 121 46 74 64 148 177 73 129 72 75 128 32 104 53 132 42 34 142
5 89 65 121 47 74 64 148 177 73 129 72 75 128 32 104 53 132 42 34
5 89 65 121 47 74 64 148 177 73 129 72 75 128 32 104 53 132 42 34
64 148 177 73 129 72 75 128 32 104 53 132 42 34 142 102 105 162 145 158
5 89 65 121 47 74 64 148 177 73 129 72 75 128 32 104 53 132 42 34
65 121 46 74 64 148 177 73 129 72 75 128 32 5 89 65 121 46 74 64
89 65 121 46 74 64 148 177 73 129 72 75 128 32 104 53 132 42 34 142
64 148 177 73 129 72 75 128 32 104 53 132 42 34 142 102 105 162 145 158
28 133 348 348 11 5 89 65 121 46 74 64 148 177 73 129 72 75 128 32
348 348 11 5 89 65 121 47 74 64 148 177 73 129 72 75 128 32 104 53
89 65 121 47 74 64 148 177 73 129 72 75 128 32 103 52 131 41 93 33
28 133 348 348 11 5 89 65 121 47 74 64 148 177 73 129 72 75 128 32
28 133 348 348 11 5 89 65 121 47 74 64 148 177 73 129 72 75 128 32
28 133 348 348 11 5 89 65 121 46 74 64 148 177 73 129 72 75 128 32
89 65 121 46 74 64 148 177 73 129 72 75 128 32 104 53 132 42 34 142
165 243 143 348 348 348 348 11 5 89 65 121 46 74 64 148 177 73 129 72
65 121 47 74 64 148 177 73 129 72 75 128 32 104 53 132 42 34 142 102
65 121 46 74 64 148 177 73 129 72 75 128 32 104 53 132 42 34 142 102
89 65 121 46 74 64 148 177 73 129 72 75 128 32 104 53 132 42 34 142
89 65 121 47 74 64 148 177 73 129 72 75 128 32 104 53 132 42 34 142
5 89 65 121 47 74 64 148 177 73 129 72 75 128 32 104 53 132 42 34
89 65 121 47 74 64 148 177 73 129 72 75 128 32 104 53 132 42 34 142
5 89 65 121 47 74 64 148 177 73 129 72 75 128 32 104 53 132 42 34
348 348 11 5 89 65 121 47 74 64 148 177 73 129 72 75 128 32 104 53
5 89 65 121 47 74 64 148 177 73 129 72 75 128 32 104 53 132 42 34
5 89 65 121 46 74 64 148 177 73 129 72 75 128 32 104 53 132 42 34
65 121 46 74 64 148 177 73 129 72 75 128 32 104 53 132 42 34 142 102
74 64 148 177 73 129 72 75 128 32 104 53 132 42 34 142 102 105 162 145
28 133 348 348 11 5 89 65 121 47 74 64 148 177 73 129 72 75 128 32
343 78 238 246 209 190 54 19 178 116 181 27 96 171 201 99 100 163 145 158
28 133 348 348 11 5 89 65 121 47 74 64 148 177 73 129 72 75 128 32
28 133 348 348 11 5 89 65 121 47 74 64 148 177 73 129 72 75 128 32
28 133 348 348 11 5 89 65 121 47 74 64 148 177 73 129 72 75 128 32
28 133 348 348 11 5 89 65 121 47 74 64 148 177 73 129 72 75 128 32
64 148 177 73 129 65 121 47 74 64 148 177 73 129 72 75 128 32 104 53
5 89 65 121 47 74 64 148 177 73 129 72 75 128 32 104 53 132 42 34
5 89 65 121 47 74 64 148 177 73 129 72 75 128 32 104 53 132 42 34
148 177 73 129 72 75 128 32 104 53 132 42 34 142 102 105 162 145 158 35
343 78 238 246 209 190 54 19 178 116 181 27 96 171 201 99 100 163 145 158
64 148 177 73 129 72 75 128 32 104 53 132 42 34 142 102 105 162 145 158
64 148 177 73 129 72 75 128 32 103 52 131 41 93 33 141 101 106 162 145
5 89 65 121 47 74 64 148 177 73 129 72 75 128 32 104 53 132 42 34
65 121 47 74 64 148 177 73 129 72 75 128 32 104 53 132 42 34 142 102
28 133 348 11 5 89 65 121 47 74 64 148 177 73 129 72 75 128 32 104
89 65 121 47 74 64 148 177 73 129 72 75 128 32 104 53 132 42 34 142
5 89 65 121 46 74 64 148 177 73 129 72 75 128 32 103 52 131 41 93
28 133 348 348 11 5 89 65 121 47 74 64 148 177 73 129 72 75 128 32
148 177 73 129 72 75 128 32 104 53 132 42 34 142 102 105 162 145 158 35
348 348 11 5 89 65 121 47 74 64 148 177 73 129 72 75 128 32 104 53
78 238 246 209 190 54 19 178 116 181 27 96 171 201 99 100 163 145 158 35
343 78 238 246 209 190 54 19 178 116 181 27 96 171 201 99 100 163 145 158
5 89 165 547 243 265 78 238 246 209 190 54 19 178 116 181 27 96 171 201
64 148 177 73 129 72 75 128 32 104 53 132 42 34 142 102 105 162 145 158
348 348 348 11 5 89 65 121 47 74 64 148 177 73 129 72 75 128 32 104
28 133 348 348 11 5 89 65 121 47 74 64 148 177 73 129 72 75 128 32
64 148 177 73 129 72 75 128 32 104 53 132 42 34 142 102 105 162 145 158
5 89 65 121 47 74 64 148 177 73 129 72 75 128 32 104 53 132 42 34
5 89 65 121 46 74 64 148 177 73 129 72 75 128 32 104 53 132 42 34
148 177 73 129 72 75 128 32 104 53 132 42 34 142 102 105 162 145 158 35
64 148 177 73 129 72 75 128 32 103 52 131 41 93 33 141 101 106 162 145
278 519 243 393 148 177 73 129 72 75 128 32 104 53 132 42 34 142 102 105
65 121 47 74 64 148 177 73 129 72 75 128 32 104 53 132 42 34 142 102
28 133 348 348 11 5 89 65 121 47 74 64 148 177 73 129 72 75 128 32
243 265 78 238 246 209 190 54 19 178 116 181 27 96 171 201 348 348 11 5
28 133 348 348 11 5 89 65 121 47 74 64 148 177 73 129 72 75 128 32
28 133 348 348 11 5 89 65 121 47 74 64 148 177 73 129 72 75 128 32
5 89 65 121 47 74 64 148 177 73 129 72 75 128 32 104 53 132 42 34
11 5 89 65 121 47 74 64 148 177 73 129 72 75 128 32 104 53 132 42
28 133 348 348 11 5 89 65 121 47 74 64 148 177 73 129 72 75 128 32
204 228 260 330 343 78 238 246 209 190 54 19 178 116 181 27 96 171 201 99
348 348 11 5 89 65 121 47 74 64 148 177 73 129 72 75 128 32 104 53
348 348 11 5 89 65 121 47 74 64 148 177 73 129 72 75 128 32 103 52
89 65 121 46 74 64 148 177 73 129 72 75 128 32 104 53 132 42 34 142
343 78 238 246 209 190 54 19 178 116 181 27 96 171 201 99 100 163 145 158
65 121 47 74 64 148 177 73 129 72 75 128 32 104 53 132 42 34 142 102
89 65 121 46 74 64 148 177 73 129 72 75 128 32 104 53 132 42 34 142
89 65 121 47 74 64 148 177 73 129 72 75 128 32 104 53 132 42 34 142
343 78 238 246 209 190 54 19 178 116 181 27 96 171 201 99 100 163 145 158
28 133 348 348 11 5 89 65 121 47 74 64 148 177 73 129 72 75 128 32
28 133 348 348 11 5 89 65 121 47 74 64 148 177 73 129 72 75 128 32
348 348 11 5 89 65 121 47 74 64 148 177 73 129 72 75 128 32 104 53
348 348 11 5 89 65 121 47 74 64 148 177 73 129 72 75 128 32 104 53
148 177 73 129 72 75 128 32 104 53 132 42 34 142 102 105 162 145 158 35
65 121 46 74 64 148 177 73 129 72 75 128 32 103 52 131 41 93 33 141
89 65 121 47 74 64 148 177 73 129 72 75 128 32 104 53 132 42 34 142
65 121 46 74 64 148 177 73 129 72 75 128 32 104 53 132 42 34 142 102
89 65 121 46 74 64 148 177 73 129 72 75 128 32 104 53 132 42 34 142
5 89 65 121 46 74 64 148 177 73 129 72 75 128 32 104 53 132 42 34
74 64 148 177 73 129 72 75 128 32 103 52 131 41 93 33 141 101 106 162
343 78 238 246 209 190 54 19 178 116 181 27 96 171 201 99 100 163 145 158
89 65 121 46 74 64 148 177 73 129 72 75 128 32 103 52 131 41 93 33
89 65 121 47 74 64 148 177 73 129 72 75 128 32 104 53 132 42 34 142
11 5 89 65 121 47 74 64 148 177 73 129 72 75 128 32 104 53 132 42
89 65 121 46 74 64 148 177 73 129 72 75 128 32 104 53 132 42 34 142
