3263 3075 4495 4538 3135 2669 818 1814 3682 3350 2230 2985 745 3888 60 3375 2227 2599 4785 4436
4528 1154 2977 4449 4713 1236 2192 1588 2941 1829 3832 1868 489 3166 4100 1595 4015 2472 4293 289
3166 689 1060 1992 3671 1240 3664 4508 969 2374 1336 246 1365 1252 3079 15 3827 1399 983 677
838 4477 3502 4210 3182 210 1548 4897 502 2041 3694 1952 3874 2357 3070 2910 1054 2541 979 4972
4964 4666 41 4637 1330 2174 4005 4518 204 646 4738 3874 2465 3227 4842 926 288 2286 3714 2428
1143 3730 3409 4389 2557 983 1548 2922 3116 2764 1711 1487 3874 4103 2015 1146 3980 2696 3244 3094
2108 2082 4840 1154 1149 1841 4855 772 2436 3976 414 394 173 2609 4506 4768 2701 1888 4715 882
2013 2612 764 2716 1507 2136 1837 3977 1314 1077 3735 396 4538 3540 4039 3550 4362 4071 3472 4504
4383 4342 4615 4571 1549 1888 2068 4710 4342 119 765 900 4323 340 4088 2622 3848 2922 2643 2958
22 1063 3380 1755 1795 4037 2143 4909 331 2894 2117 1718 586 511 961 3502 3416 1980 3097 3588
2436 3747 2207 3683 1661 1603 3413 1419 2715 4107 3658 1775 2707 3445 395 2977 517 1146 291 3150
449 377 3629 3848 2265 4318 3285 3874 2440 168 2823 4726 3512 417 719 278 1598 3100 2414 2281
3245 646 3685 3164 3285 3546 110 1975 4811 2947 2451 2203 2835 1077 2988 586 3405 3874 4478 2791
2627 3676 1954 1641 1438 646 2380 2696 3933 2509 3637 1272 2467 1998 717 2693 2128 1698 51 1839
2969 1545 276 2191 2191 1139 2631 1711 2726 4734 3961 4112 3550 2945 2656 3851 292 2000 238 220
2115 3918 2479 1180 1597 84 194 4565 854 3646 1555 4844 278 2213 3053 4795 3751 4788 2212 270
354 3721 1785 1722 2781 1209 4081 4634 51 388 775 2740 210 629 2278 4990 4373 2489 1721 2976
2263 1942 1075 821 2821 3888 1665 2039 1403 4273 344 841 4418 4674 2012 4127 3972 2375 396 719
3502 3416 3887 670 120 2729 4000 4426 4116 3285 3902 1247 99 4779 92 1111 2338 196 1577 2191
926 2286 4976 1219 4506 1278 4347 2260 1819 1300 4000 1711 2436 4181 40 3823 1036 1866 4327 4656
2289 4538 2873 3155 3134 4763 804 4973 4726 566 1193 4241 570 2057 2038 4855 4549 378 199 1024
838 3730 4992 2644 4127 3202 3432 1402 3949 626 1278 1552 4435 3889 3721 3343 4168 3523 3523 4392
321 1814 3668 1858 1597 3251 2974 2680 3075 2531 896 1576 2882 2733 3540 4416 586 3261 4778 733
4998 1913 4078 506 2172 4477 2464 1638 2071 183 238 4240 3981 3514 1533 1252 3502 2249 1888 3285
348 4271 3913 470 3984 2127 4081 1785 2947 165 1702 4451 2695 3607 4163 2263 2132 2068 3284 556
2136 3924 1461 440 1361 3587 2846 3976 301 4037 1071 1779 798 2890 4328 378 2286 3414 3020 2874
3466 3785 2014 1569 4985 3852 3575 4181 1481 376 2234 4000 1564 4015 4432 1837 3416 1247 3504 1981
218 3596 4207 1361 754 3910 3337 4804 4182 2463 331 430 3814 3216 3004 795 1162 1858 4323 921
1323 4435 1419 3765 450 476 245 356 3240 4983 3730 2520 780 3514 362 4479 923 1787 4363 999
3099 2575 1898 3313 589 2639 4479 1623 331 1340 403 4743 4116 446 1598 2139 795 238 586 396
4758 4471 1413 3285 4350 2368 4286 882 2352 3132 1859 3727 2099 4537 2402 2286 3695 4342 2594 2701
1972 1163 3158 4055 4432 4389 3380 4686 1888 2823 1086 4055 2010 3460 4477 4041 2 882 4545 4564
2237 2657 1163 1226 4336 2696 2305 646 3131 3000 1339 3574 4566 4564 2306 3462 1049 2200 969 3047
3607 1184 4323 506 2047 971 2719 3872 2810 3874 3503 523 1866 4903 595 4832 2630 4206 611 2231
2694 884 4538 2711 17 2817 2680 3456 2843 1534 1154 3919 4487 2610 1215 3644 2970 1607 1350 3234
1216 4288 3912 1583 2032 4912 741 3667 4055 4051 2226 4744 4103 2035 4103 1545 1163 2970 4373 1035
4175 1152 2402 4175 3994 2041 3238 4464 1073 3706 614 2137 1211 3672 4900 3089 848 2666 4572 289
2719 928 417 1766 1323 1439 1344 2191 719 4014 524 4152 1850 4569 1586 4334 3307 76 1746 832
4998 2448 4666 2436 3617 417 875 719 1223 2375 4374 3850 2799 3906 550 4947 4163 979 409 2378
2013 3416 3887 1343 4333 4837 1238 1036 3540 2465 1069 559 4992 1323 3219 3786 568 568 1323 678
3438 2046 2073 2218 2760 508 4265 1691 4015 950 4982 4342 4844 2499 1598 2978 3042 1386 2286 1671
137 110 3131 417 2234 1633 2748 2374 548 3164 829 2499 449 3503 586 939 4484 2130 278 1870
1438 2917 1492 1731 2535 1933 3303 1851 203 730 3598 2985 3425 3601 3099 2537 4889 2921 2278 4464
1622 2631 2132 2436 1508 3939 1972 1773 4739 36 4571 1956 3706 3614 2760 4207 2760 3954 2570 3965
4998 1017 4686 1796 663 1506 4168 1926 4942 15 3315 2263 3874 1393 4037 4763 1634 687 3648 2941
4452 84 2281 4929 2676 1151 3863 3468 4477 3380 1359 4439 730 3527 1386 3849 3256 4538 930 4218
2146 216 3647 40 2168 2336 4348 933 1057 2068 2234 1465 1930 2472 2889 262 2166 313 906 2610
213 3948 3874 1272 4037 1854 1098 293 1144 1813 1109 4583 741 3277 25 330 3288 3079 1465 2318
40 3217 2958 839 4649 2940 798 417 2393 4016 2511 825 3683 4556 4509 2904 3584 1991 1198 2469
2657 856 3460 2672 4411 1189 4421 1357 3928 4646 3075 2590 3874 4704 2025 2644 4851 3337 278 3617
137 1784 4903 3824 4327 2081 695 1243 1881 1598 3350 4646 3256 570 4208 4447 2393 1866 4648 4163
1323 3164 2680 3442 3729 2656 185 1837 517 2531 2205 1619 1125 4572 2657 761 1438 3614 3206 823
584 2538 4833 1671 4056 4245 3887 2571 3502 3984 1054 1933 1169 306 4720 2247 2861 2887 4710 1075
1438 4136 4896 4091 2134 1521 3733 2429 130 363 1813 1237 1045 4827 2127 3739 624 3918 4127 1708
2281 1901 3540 2692 1545 49 2540 4869 119 765 1880 2855 87 1800 1529 4682 4554 3991 4942 4519
4495 1710 4465 3285 2977 846 3285 3072 4181 4234 1972 833 1980 2541 356 2472 2640 4152 1560 517
4383 2263 680 4582 2382 3213 176 1260 1514 1653 3388 4152 2326 646 4105 4929 2890 1569 3504 992
4817 1605 2729 2503 3777 176 1212 4545 1603 3906 454 2737 3676 4168 2502 4869 3711 2150 1461 486
4495 2714 68 4163 765 3869 2142 1064 2518 2147 1453 4936 2057 1305 468 1130 687 2432 2136 696
1323 833 4839 2219 1522 3284 3604 4116 1787 2451 4016 4431 3234 4362 1711 3380 2855 938 4524 503
829 4426 46 753 3117 3874 4633 1679 767 3631 1758 1164 4227 2436 3145 3733 1787 137 1795 4504
1524 1973 4392 4538 3378 3540 4037 3875 3295 4195 1870 968 2906 2492 4666 4383 2451 3676 3230 2234
3097 4808 2657 2696 3763 4037 2231 4268 2568 2598 4066 2058 1787 518 4760 4033 3285 323 2855 640
245 356 4908 81 4081 687 920 408 3086 3481 4041 2626 4218 998 4982 3260 725 2469 107 201
2108 1339 2205 321 2166 1323 3560 3335 2657 4185 1685 15 4175 1785 4068 3607 4987 2021 3303 2974
2 3238 1884 3103 3707 3398 948 2191 2207 3683 3928 795 3540 2173 626 825 506 4721 3362 2582
163 640 136 1575 4917 3134 3554 2015 2223 1598 3285 494 4478 4538 458 1209 3527 1030 4526 2472
137 2977 4767 4127 2148 881 646 1913 4947 3705 4991 4686 613 3835 3607 3941 1465 2547 1092 4716
3918 119 2108 4267 1795 4240 4420 278 4695 1099 4119 3350 480 43 1633 1495 1209 4243 1315 2410
262 131 4401 4158 3706 3382 3211 135 1482 40 4063 1434 121 1125 26 4664 4400 4528 1769 2379
3981 1814 4127 4573 40 135 1098 4423 26 731 1413 2631 3945 851 4248 4959 1271 4664 711 342
1989 506 684 1623 2055 3604 3339 3550 2191 3931 1460 1766 2068 4674 1323 3727 719 1431 2158 4285
2590 2136 3887 410 1597 828 3600 3171 1356 4227 3540 780 4723 1564 1664 548 3835 1230 2708 3042
3676 1351 3918 4413 4081 1814 3368 2970 1752 2158 378 1396 764 2643 3285 642 2375 4115 798 1104
4293 1828 2985 2939 3156 4338 1210 506 3685 3447 3216 560 2642 1742 3303 840 2760 3786 1545 2692
4626 1688 4462 3430 119 1478 2073 2865 3540 245 2901 441 2141 727 1121 3043 2865 2179 4929 4342
3918 92 2305 2 3043 3692 4378 2106 3984 4037 2402 4889 2688 783 364 291 2901 3375 134 4469
3148 719 1244 1340 3268 825 4175 247 3274 9 165 506 1359 2890 2190 4053 828 1972 4007 3891
1972 2729 2610 4607 4710 4362 634 3169 2599 3988 1671 331 1016 356 2062 2500 1785 2234 3775 3765
3224 4121 3982 882 299 2533 4484 3271 2940 2377 4680 4526 4727 2904 4858 4349 3160 197 2729 3829
163 2436 3508 585 492 2843 1598 1827 2610 2656 3098 180 734 111 4020 1732 2644 2278 1357 731
809 1951 3075 3207 2629 4538 2537 2780 3072 4251 2729 4000 2465 2707 4766 4227 4763 1834 1409 433
246 2135 2108 4572 699 2278 3847 3329 758 3430 3775 4960 1051 3540 3540 2039 65 1550 911 165
4286 804 320 1866 2015 4332 1416 3887 780 4019 3285 838 2403 2528 2729 3435 3406 2629 2558 805
4074 185 228 1758 2393 47 372 1240 4458 2306 3098 4832 1522 742 3502 1650 1111 4000 2361 4954
173 2821 2414 2056 2623 3068 4382 179 3695 4694 586 4842 4711 798 2401 1664 2865 823 3768 1870
815 1321 579 3948 2970 1971 1443 3848 77 2236 4197 1413 4908 1853 4758 568 781 4664 2000 1927
1143 3164 4998 385 2205 4436 2780 2205 3846 195 424 162 3230 2236 804 2436 3182 2465 3195 3639
137 3285 2232 2701 4597 737 3007 1179 1933 1309 3274 551 4581 348 4485 1887 1752 2076 1604 4345
2146 2904 4108 4763 291 2701 1695 4939 836 4869 2863 423 1576 973 767 3842 2465 609 2370 72
3373 2762 2056 3902 2424 1626 3580 2437 999 2677 1664 670 3515 2911 764 2248 3134 934 4884 2054
623 1972 2523 631 409 945 2737 1919 1188 3 4766 4897 1707 4207 1216 2084 1333 2759 2843 2557
226 3039 2232 4477 4760 829 1702 998 2325 2271 2761 72 1977 4793 3514 1998 2894 4725 2729 1895
1309 686 4380 4479 1639 2278 48 1622 3383 3866 2696 4074 135 3110 3230 1088 819 1537 1144 4369
689 417 3940 4152 3643 4495 2102 4769 2545 3661 3981 4188 313 825 3572 221 1639 3602 3507 4152
2494 4911 4900 3432 3561 417 3435 3206 417 482 3540 2770 4062 1752 2969 3296 700 2764 3888 4514
293 3852 2549 2066 3303 3034 2141 2528 4359 2136 162 797 3920 4033 818 920 823 1989 2509 380
4736 1814 734 331 4713 1154 4238 2855 3523 2657 1048 4099 938 3274 2639 2791 3445 1065 1545 1856
2068 2068 2068 4759 278 1350 2465 1780 3514 2838 1766 2361 1209 2510 4647 2652 2942 363 2005 4606
3864 284 2558 38 3099 4271 2126 1287 2588 361 2921 4972 3430 417 4342 2139 37 682 2089 1362
2286 1025 1547 1342 1994 935 694 3887 323 2902 3224 4357 4528 3874 4127 3119 1290 1136 2338 4538
3148 4447 2141 4401 342 3242 151 2916 390 1597 1566 450 4271 4054 378 3938 3154 304 1446 3811
3200 3180 291 3375 2305 1198 1073 3173 331 769 4027 4464 2457 3786 1130 1858 3550 3865 4694 4778
1972 486 973 2395 642 2874 4760 3211 1884 90 1949 3940 245 1605 96 1077 3530 4646 2 4905
4175 3286 1787 4769 586 1403 999 1182 4175 1539 3503 3206 2789 3315 677 503 2706 4033 2644 3240
624 3217 1351 2480 2473 1796 2701 4852 4175 4987 1072 1287 2644 1374 4168 2126 1865 2274 4908 1047
3727 1416 4877 385 1167 2947 2139 2226 127 1758 2961 881 4000 49 3744 4640 9 1077 3310 1465
1972 931 255 48 506 1545 2436 1543 3416 4127 4272 10 385 1628 1981 731 570 3075 2306 1040
2237 3694 3887 1152 4554 2212 658 2864 73 87 4270 636 1598 3572 2782 1814 2763 1622 4758 4082
1264 1933 385 4988 3049 3389 4087 1613 2375 1077 3643 795 728 4628 4681 712 2370 655 1566 5
838 2814 4763 1787 1758 18 1091 719 4051 40 1184 2054 2191 4425 2133 3984 1416 677 1560 4895
3902 2226 4163 1787 719 4691 4810 1622 640 4900 1015 3285 4136 3601 4063 4994 4844 4842 2610 3829
3607 2917 586 3057 4375 4614 3214 4103 3573 646 414 4090 1431 3349 2137 3927 841 3887 1758 2713
3388 2205 3166 4323 427 2890 364 2240 372 2707 1787 315 4994 1121 2402 999 2472 4411 2142 4165
3502 4158 1406 3786 4771 4511 4844 4686 3685 2240 1730 185 1445 2865 2278 3406 4110 931 2615 4359
3694 1287 799 2501 2401 4647 720 609 3683 558 137 2333 40 449 1729 674 3803 2353 2205 3056
3117 1038 1626 939 2599 2039 111 2884 1313 361 4827 1085 314 4059 4567 4793 1668 3337 4451 2865
2537 1789 1520 2921 2696 4451 2258 4586 4350 48 1548 3981 719 1286 588 3605 645 3874 677 2946
138 496 1637 4518 1143 3231 2590 2588 1237 1575 2974 3835 2143 3117 4432 1787 2068 1753 2467 2568
1215 727 3997 325 3406 1403 2760 2472 1545 4852 306 1837 4267 396 4207 4307 4388 4489 898 2884
4518 1694 15 1138 3153 4538 14 2402 27 1290 4855 2469 4538 1818 2252 2949 2863 1865 3229 2846
497 2286 2730 1442 4479 1994 3075 1528 3041 586 2974 4496 4261 2381 3075 2010 3668 2090 3967 2940
674 1121 1796 2058 1598 2861 2947 4855 1512 922 4213 2204 4916 1286 4348 281 403 1851 983 2806
4998 1946 4865 646 4553 3822 2370 1379 2 2084 1785 4337 4658 80 4175 3863 3508 2081 1758 1187
2397 3784 2713 4348 2436 2127 209 3118 3540 3831 182 4317 25 677 2058 4363 1059 4065 4963 3972
2108 3554 2136 4900 4000 3267 1755 1163 4957 1947 919 4472 4656 2425 560 546 3540 4037 2278 3256
563 728 3543 252 8 2205 2803 2711 1460 4469 4519 2127 3744 165 2240 3503 2422 4261 2527 1706
3236 3249 2759 3531 4750 2527 304 3874 2465 1451 527 1574 2708 254 2705 4707 2237 1199 631 866
4758 1169 2201 1933 2610 2789 1097 3618 2328 3358 2536 3564 3230 3869 1528 2401 1431 1386 737 4450
1972 2657 780 4900 2393 2524 2981 369 2403 3660 755 3938 677 1977 4766 2281 1914 1706 4902 1605
2108 2272 778 311 4517 1884 1903 1071 747 1627 175 60 1092 3722 2846 4181 3161 371 2402 1223
2483 1897 1368 2941 1800 1073 86 3981 3926 1323 4585 2921 633 4151 4586 4464 4438 3919 3786 4019
1090 169 4181 4069 1038 4183 2185 2308 3874 909 3303 4341 1368 3771 4677 3861 3217 2588 4152 2545
1545 72 2631 867 3668 2800 49 503 342 40 4161 3186 2851 4714 3556 4771 1361 1647 2608 1257
2947 449 2705 1975 3020 3256 1970 4535 4406 450 3039 2127 1972 3782 2810 2642 3564 1038 3502 2081
4064 4436 1619 838 3231 3826 4744 4037 4987 3974 1759 2555 4571 2656 2205 4434 3572 4432 2436 1459
624 2942 3079 1946 1227 3984 3240 2558 4766 3241 3575 1775 1072 362 1597 3178 3188 278 1272 2838
4276 719 4261 2375 1898 2081 2911 1087 4294 4677 3268 3236 4667 2008 385 4517 2806 4340 552 4588
441 2453 3254 4053 4754 1575 1072 855 173 1860 3034 2185 1785 4607 267 40 346 4181 1465 2191
3694 2519 135 3166 1972 1416 378 1987 1088 4476 658 489 2306 721 2922 1188 558 278 3629 998
2205 4388 3915 3618 1414 278 4664 38 3165 589 1800 1840 1480 3218 2424 4551 3383 86 2735 825
3995 2263 2205 3730 4994 1040 4850 3569 4538 1240 751 40 931 245 4499 3984 207 1252 4942 679
2947 449 2000 1811 4005 4056 1665 4163 1528 841 2501 1475 1545 3735 1924 3503 741 3056 3927 4163
1169 4101 4168 2657 3618 4765 3383 2106 1899 3303 617 552 789 2071 245 1043 1787 719 4458 2857
1323 4730 2191 3564 4594 1863 830 1275 3879 1578 3285 4175 4000 4000 1459 4571 2370 4071 4656 9
3443 2904 331 4048 1179 1519 1919 1073 2423 4526 728 2711 2146 2209 4695 3948 2657 4264 238 2843
2610 795 4130 722 4152 3675 2128 2942 4538 1231 1920 1598 3575 2766 1994 4781 909 3303 3874 2840
1504 909 3611 3067 2821 2976 4004 1858 3835 4843 2813 176 2436 41 4292 2695 1758 1833 2338 2602
48 4912 3989 3689 3380 1528 3564 3502 446 171 18 342 4571 3550 4577 3874 646 1838 2594 719
4124 708 3596 4488 1633 3730 133 3406 1095 2166 2627 2518 4510 3120 950 433 3303 4861 560 595
4072 1393 4102 4453 4849 176 1474 2451 1989 2922 4175 2347 449 1288 3634 4386 165 1787 1858 1480
589 1844 811 252 504 2599 4485 526 2833 4147 641 3967 1321 2371 2403 1787 1163 3502 4823 4362
3274 1189 2255 3682 1729 1124 3676 4730 882 2068 889 4190 2068 2068 2068 2068 2286 1972 2092 596
3949 4607 3874 3672 491 2068 3918 3069 2181 2129 586 385 500 3921 2402 3641 1210 3739 1766 4241
3363 2286 4566 2849 3279 2217 1664 4832 4321 2205 3730 3002 4151 4908 2865 3742 3430 3309 3099 3224
4477 480 1085 147 1230 4988 1339 719 1333 1717 830 4548 1493 1252 1873 1184 1068 2680 2234 4908
4175 1605 2528 2729 4842 518 139 1164 1144 4392 1252 417 2858 4031 2381 1117 798 677 1415 3652
2227 2790 3531 4103 3370 276 2191 4758 356 2394 4260 2760 741 1162 3132 1396 4660 3099 4059 2081
4102 3429 3458 314 1560 2099 679 1092 4141 250 148 3041 3887 2782 480 3832 835 3098 3984 2019
2136 4363 999 4345 882 2108 2530 1313 2148 719 3502 3981 4127 2328 491 4286 948 1982 1049 2939
922 1501 2571 3706 3049 1243 867 99 2149 535 99 1895 4350 173 4942 2644 2289 623 1154 336
2108 3067 495 552 2345 165 1664 4994 2263 4065 2444 3705 3285 2149 210 3240 190 4311 135 2760
3729 1086 480 2849 1758 2402 4684 3452 1241 276 1899 1322 4152 4850 164 2760 2368 2415 1138 3601
3784 3761 2472 3425 4686 1252 3510 3120 3057 480 1814 2500 586 356 2590 697 4809 3694 3874 1097
2430 1235 2136 4785 1442 719 2961 4000 1922 3211 674 1678 1964 2477 1664 1322 882 2274 3285 3430
3231 163 1766 4071 3896 2708 586 4195 2278 267 4151 4723 2672 3511 3206 4900 333 3668 3425 3741
257 4606 4846 3160 2205 4276 4055 3943 3631 1785 4451 76 3666 4538 3571 306 4250 3044 2138 2855
663 4000 2236 1765 1283 421 4699 2537 999 1098 2108 4341 2066 1465 1465 2191 4723 371 2272 3812
4293 313 3514 2216 3502 527 1183 4127 506 1311 4161 3757 2435 3887 2544 3739 4661 949 2397 2660
3880 632 2139 825 4451 119 331 1683 2281 3550 700 2041 385 3739 4136 1588 3092 1230 690 670
3918 2575 4769 4593 3303 3135 40 40 781 4838 4458 4008 775 2375 3783 677 963 417 4000 2865
3459 441 4941 4538 1997 4738 396 4538 2904 2202 1428 3706 1994 1428 3070 96 4324 2108 2338 2890
1677 2815 2402 1129 2672 1664 3763 1858 356 2298 758 3874 356 2821 3851 1664 2705 2926 1281 4917
1006 1403 3450 4464 283 4175 1785 417 4009 1971 765 1946 3377 378 491 1688 696 1022 2535 2609
4750 3887 2789 4738 4895 1150 891 1629 2644 1254 2234 918 1243 3661 152 1599 3514 99 392 2868
2502 586 146 4342 3661 1913 2472 4127 3930 4988 4664 3963 2236 81 3430 2827 4998 2141 4736 1901
3744 2520 3732 3402 2984 4538 2940 2 552 3531 3835 3481 1049 4190 3681 307 4163 1246 3607 3879
3981 3285 3786 2610 4464 1953 719 2941 2126 3094 4676 2340 4431 1967 4845 4832 2306 163 2965 1282
1985 4743 2191 4518 861 4194 2263 3079 2842 2479 1815 2610 2527 2212 320 1914 2931 176 3730 4915
356 687 1550 1683 3416 3763 976 1598 3289 617 909 1989 3255 3852 1622 4496 4687 712 3078 4404
1333 776 3128 854 4637 385 3103 799 1875 3148 1389 1023 3607 4716 106 3432 2597 2432 4106 934
1211 801 4039 702 4321 1108 245 2834 3874 727 3267 939 4727 4511 3863 3089 2205 764 2012 3730
4667 3231 3982 4888 4817 4243 3150 2922 1193 855 665 449 1252 1361 4930 433 2695 4855 4784 2444
2058 1202 3507 1063 3234 670 2375 586 3978 210 3119 3382 2457 1853 3713 688 245 3005 3852 1667
3502 381 284 2241 4581 1091 4908 4195 4079 356 1339 1987 417 2789 3358 4900 2286 962 2705 3027
4455 1605 530 2599 10 390 40 40 2136 1490 3946 4388 4766 38 4318 1510 3148 2729 1219 3617
2494 3940 3254 851 2378 1072 315 1883 87 3059 1246 4151 2068 4495 2212 1539 1576 895 1671 3238
3067 4312 1290 2563 1107 1438 3285 144 4767 4616 3607 2631 4055 2089 2472 1272 2490 3055 99 1847
2278 3217 2286 631 4342 4163 133 4941 1755 646 3944 1154 1130 2191 1197 275 176 3069 384 3601
1089 2108 2058 1390 2531 1216 1184 1961 1143 752 2246 4254 2693 2465 4292 2657 2942 1251 2517 1916
3249 2212 3874 3119 220 1952 631 683 4010 3847 2588 2094 2644 3981 2231 2506 238 4639 1177 4892
2146 2136 502 2159 3507 70 2469 4849 3848 3887 238 3506 49 682 2766 4900 256 2507 474 3478
361 2439 2237 1588 4055 1039 2688 2591 2 3254 2104 2666 2304 4175 3998 4582 4842 3974 1242 276
2146 1386 2894 1150 2985 1130 1058 3278 1104 4967 715 2013 2911 4407 3887 4567 257 1549 3927 4890
4699 2174 1687 2615 2454 1211 4697 578 2150 948 1704 203 870 4283 4747 1671 2436 2609 4477 2937
1250 864 2672 3671 2465 2588 3570 3116 2106 3420 3158 1529 733 65 2657 49 2705 1629 2010 3572
1059 2289 1914 1210 517 4151 4909 1108 3096 4078 4172 2452 1209 4836 2812 3683 157 1366 2361 4859
3757 1323 3430 2011 2897 534 2051 1167 1241 2005 11 2596 1252 2671 245 446 4152 4426 2693 1073
4477 4667 1436 4103 3608 378 1138 2068 2068 2068 2068 3631 4744 3607 4710 4735 4429 2861 3685 4845
4973 1163 4521 3600 1622 2770 3874 4876 2720 183 1827 1088 4094 2389 1686 249 417 3554 2921 2627
4332 1099 715 3173 3730 4725 2465 372 825 3285 4103 2013 1722 3134 238 1007 945 4809 284 3319
3099 2949 4689 4758 3790 1318 3887 3637 600 2451 2123 2039 3733 4518 889 3416 3556 3326 2729 4051
2286 2727 2108 2520 285 379 1808 4424 3730 682 2132 4271 1678 1376 4586 2947 4489 4062 3386 2469
4127 702 224 1176 4564 4126 4246 764 3984 46 101 1392 4664 730 2234 2205 3991 1203 91 137
4175 4507 4451 99 3068 3535 1191 719 2927 1759 1475 552 1087 774 1111 1624 1981 3089 4477 1108
4883 2249 3745 4767 3430 92 1701 3981 1814 1272 4902 4392 4553 2421 3874 2865 3379 1251 1545 3888
2068 2068 2068 2068 2068 829 4323 1648 417 669 2663 2472 641 1854 4152 292 743 2680 1753 4674
3649 4616 1825 3940 3322 4132 3548 3238 1727 762 4000 2003 2 3129 3232 798 3682 364 4127 2265
40 1384 4000 4248 3414 2263 2205 4823 642 3158 3436 4973 454 3984 3122 728 2517 2374 4036 152
2610 4447 262 4447 4191 3730 2454 3200 1972 2071 1461 2259 245 2340 1482 2139 911 2451 4769 1456
2610 163 3514 4553 4132 792 3763 1403 1393 1013 4626 2588 228 4101 827 2463 4447 3622 3379 2971
3254 3284 2882 4504 1795 1884 1252 1154 135 3703 4469 1461 233 3285 378 781 4069 3540 4508 3641
2669 276 1523 4810 4788 2415 2511 2759 3874 1584 3349 4942 1581 4019 3478 1698 76 1081 1613 1888
166 3148 2942 2281 87 1770 4771 4998 825 4763 2851 2409 2191 3312 1641 2205 60 4298 1439 599
1897 532 4489 4998 1688 2361 1909 2760 409 2883 2214 4040 119 4470 2338 2164 1862 3079 4968 2014
1439 3523 2081 3234 4541 2287 969 3829 4055 731 2894 4946 356 396 3839 1858 4479 3919 3874 938
2146 3330 3285 488 3896 3231 4323 914 3072 1598 2139 2451 1903 3617 4743 3285 4103 4903 3430 3782
1101 916 4564 3919 2657 2744 3043 2336 2347 3887 3549 2465 1664 2141 443 677 48 728 4597 923
3607 1620 4983 354 4544 586 1583 4682 2191 4323 2455 1105 2728 3984 2196 3847 1909 4785 4276 3797
3033 1323 4245 120 3639 3501 2157 3069 1504 1465 1492 2858 2984 3144 4163 449 565 372 3384 741
838 4754 1365 96 4577 1646 2292 261 1785 4667 4859 877 556 3945 1740 795 2624 3996 508 1548
3425 2139 1223 795 2191 458 3540 2300 682 2249 305 2729 2228 1406 4421 2068 944 2591 906 825
294 2537 2921 3590 1323 3523 3614 3344 4148 3870 4108 433 4914 3730 2776 3727 491 199 591 4743
4715 4103 2947 4308 4771 2789 3285 585 1508 3666 1757 2506 1545 2266 4151 1097 1638 3661 1501 1040
4152 3781 212 4116 3072 1336 210 1752 4158 3998 4342 3395 3281 660 4640 1888 3206 4973 4812 950
3607 2990 641 2586 4246 1664 2368 10 4840 4743 3292 4804 2013 3121 53 480 4664 2368 661 2599
2985 1703 2520 1866 3851 49 4055 2286 3617 1983 631 4163 9 1528 2436 4769 4039 4710 823 1450
4175 2281 71 719 4556 1323 4181 40 2343 4163 829 276 1670 1179 2681 4571 3005 4323 4101 1049
4758 830 1324 993 4477 841 86 725 3319 1888 1815 1692 2644 1614 4643 2084 1981 3699 132 518
3699 2789 2066 323 2419 4197 3119 214 4330 500 15 1545 3070 1914 1063 3705 4108 356 3683 3658
2185 719 2941 2463 106 4238 1368 823 3634 4038 2911 3781 2465 1069 4151 4257 90 2943 1201 1360
838 385 1548 866 2436 4960 4438 2368 4674 4844 2904 825 1153 2740 2535 2181 3668 2046 2977 601
2430 2693 3338 682 3095 2465 40 449 210 856 1111 3598 1626 3612 4635 1373 4549 2320 2274 4727
1597 1040 2223 1912 552 4049 4089 285 1620 3874 3416 4037 2247 1977 40 22 2711 409 3835 3607
1059 220 546 2468 1261 1237 3171 441 4524 40 2416 4215 4748 4362 3067 491 4738 2557 2108 4738
4175 3166 3200 4112 3477 2279 1823 333 450 3160 3445 344 4163 3956 3695 138 2099 4000 4004 4886
445 2815 2947 4874 1272 48 4392 1761 4082 1537 2136 173 1488 3076 2793 798 22 2103 4428 1742
3504 1016 4667 3502 2923 2591 314 1370 3908 1785 163 131 154 534 4163 4068 3920 2811 4998 3982
4243 2525 433 3891 15 2596 1484 2494 1785 2316 4008 4343 1146 4330 2478 2657 2940 2899 2760 2266
3628 4178 3249 523 4983 1305 1977 4752 2802 356 3887 4852 2200 3101 2068 3741 3307 3254 2730 1645
2688 2172 3926 2533 3158 790 4861 696 4031 396 728 3150 3556 4874 4623 4538 1130 1575 2920 2790
2657 497 136 2072 4730 4396 3514 4039 3370 2790 165 1971 390 90 2237 2108 1852 2442 2281 4992
99 861 1201 671 1209 4914 3628 4000 356 390 1005 1598 2139 291 1897 2372 1252 769 2760 1854
3694 3089 4062 957 3235 4127 4250 1438 1222 3440 4664 4081 3874 3604 1130 4057 4842 4908 1742 1566
3523 3905 1097 3692 372 718 396 184 235 824 3195 523 4849 586 3889 2026 4056 3971 4383 1743
1323 137 1286 2894 276 4215 1333 3550 4842 3511 4881 385 455 1813 1339 167 799 171 3075 2055
2286 4037 3440 417 3858 2523 1613 2601 290 4664 290 568 2286 2951 1851 3822 1311 480 3795 2703
1665 2411 3924 1919 4152 799 3989 2763 3926 1883 2068 2068 2068 2696 3289 4721 2128 3826 1492 2910
2657 2903 1413 3372 276 4014 3076 323 3607 1863 673 2790 661 1785 4571 4919 2010 3166 4886 3285
2729 1895 1360 4705 4809 3572 2403 2402 3918 4472 2465 22 4697 4930 4451 1545 119 4330 1740 2415
163 2897 245 640 3786 1130 3714 951 741 2640 4694 3786 4363 700 3730 552 2895 3631 821 2451
4710 107 1814 1529 390 2760 4852 3272 4101 4565 798 2698 732 741 190 901 2764 1524 2657 1197
3694 4819 4626 2676 3984 3746 2454 2325 4231 4181 4473 2693 41 1985 650 4218 4127 4607 3234 3235
3158 3706 39 4909 4571 2108 1442 2123 841 3811 4611 3380 1403 3874 3279 3217 551 252 4489 319
1481 1075 728 4825 3800 2304 696 1279 1065 3161 4152 687 2190 4555 248 4772 2855 4279 1989 3667
3383 758 2657 2612 670 87 898 4870 3563 1023 4421 448 3786 4626 3890 4175 1897 2148 1282 3425
4998 2930 1913 4036 4687 3918 2023 2563 3524 880 1088 1088 882 1779 3887 2015 3870 3550 2610 4458
173 1169 552 787 1136 968 1073 719 823 3930 4772 1424 719 2480 293 3689 4043 2203 447 1883
3918 4566 3075 9 1888 4451 2845 4450 2149 4855 3044 743 1138 2890 176 41 2164 1462 4007 2118
4680 2557 2227 1597 2637 1787 935 2412 173 2944 1092 4763 2010 3277 2436 3782 27 3395 1566 4163
1382 617 3285 1742 4695 3222 4656 2798 3458 3694 1162 3277 3261 278 3974 176 245 4458 4099 4853
921 4981 2809 1184 3752 1209 3013 2054 952 2092 2013 895 2278 2143 4538 2921 3350 4000 2610 2947
3477 3271 1837 4788 1282 3619 173 1860 4007 2108 780 780 4900 4325 1777 3796 3490 4937 363 4599
3008 3067 3540 2408 810 4682 104 2951 2874 2084 4345 4479 300 4900 4508 4538 3309 4869 4389 2240
1597 3312 4681 3225 3166 84 719 1448 4200 1972 1813 1461 485 3951 2941 4664 731 235 4695 2286
4435 1272 2894 3976 4805 1881 278 3129 349 1473 4030 3267 3550 3858 3238 1240 719 2911 1114 4686
3285 2263 1278 3370 3254 4485 3580 1605 3425 4508 2347 4874 4674 503 4227 4896 1088 2162 4322 2328
3106 2463 3256 4175 3631 3887 2857 2968 2978 4081 724 3070 552 4271 1852 292 4895 2640 2084 682
4544 4571 3121 1598 4175 1757 2895 2558 918 333 3132 721 2631 2604 3803 3158 2200 1989 1728 356
4987 167 1981 3613 2956 2820 26 2881 1914 2108 3281 2711 4396 3187 3230 488 2286 3488 3927 3075
2108 2676 1874 2041 682 825 3888 3763 1545 1862 3231 2657 136 3963 1184 4855 378 674 3182 1548
3200 2695 1859 616 838 2644 135 1529 4939 3302 677 3827 4302 2173 2578 4664 1598 482 4076 1629
809 3148 4673 2606 2624 2001 3350 602 4533 1920 1787 3171 506 917 1415 2978 3729 3984 210 688
333 4903 687 4163 621 1671 417 1209 4227 2221 4824 2255 3822 1805 2641 4332 2951 4345 2544 3021
1757 1972 4713 2348 3150 4076 2397 2861 2223 4152 3240 2720 3763 4668 1144 1139 3919 3813 3890 1812
624 2943 331 1357 3928 2036 1027 4908 4662 3984 3737 4367 412 1913 791 4055 1096 2541 2146 3171
4074 2900 839 2761 503 3286 4161 4127 2253 476 314 1163 1225 1838 4528 1011 4359 2036 3076 1328
108 2781 3730 53 139 1664 1320 503 3974 3425 1184 2603 1339 3739 719 503 1619 3285 2382 2135
2146 2933 1581 3303 4206 87 2760 1575 855 2292 1575 4073 629 385 889 888 3781 1040 851 4464
2539 825 194 4225 1624 3829 4666 2444 2650 2423 1528 2436 2817 3214 4508 2895 621 1603 3746 1226
3236 4667 3148 1548 306 552 2378 1386 449 3089 3607 3994 50 1459 2416 1125 1403 87 2644 3676
1438 1897 4664 1717 882 1439 2728 1088 4099 3272 342 646 875 3075 4135 3234 4554 1565 1575 1800
2779 2644 815 2052 3075 2760 2557 4538 4129 3509 229 4055 3938 2792 3523 3416 399 1266 1682 1365
165 4339 626 3160 489 2402 3721 3224 1287 420 2036 4852 3930 1268 1601 3318 4486 3157 269 3144
2071 245 1740 2831 2612 1563 2766 586 4804 189 2733 2168 3596 4544 1692 3161 3161 2558 2680 4028
3607 4637 1459 3303 4987 2729 4255 1125 2586 642 2974 252 3502 4736 4241 1637 1121 3124 2226 3984
3918 1834 1023 1190 3634 2179 315 4099 4630 2409 2191 719 3643 4538 1669 856 3122 2737 1688 2211
1791 4279 3380 2351 165 2208 4898 3451 586 2474 1930 3206 1906 2610 715 1670 4519 2992 1525 2115
2657 2000 4930 4421 4383 1498 2000 4237 765 586 3948 2520 526 4637 2253 4348 2451 2983 2436 319
1898 2123 3858 4163 2520 1588 3502 4466 1769 506 3649 761 1710 506 764 719 2489 2911 3166 3201
3523 4292 356 324 1146 1922 2729 3164 2068 1837 3248 3166 271 3165 1215 1237 3310 378 3574 841
4743 825 3514 551 4451 130 911 597 4464 646 227 4103 3034 284 24 1793 3320 3384 4082 2696
1972 1091 4327 1972 1529 15 3116 4763 376 2000 450 3705 678 1435 4175 1418 1575 3359 4143 552
4703 401 2402 1438 4163 493 4596 3055 4664 4571 2644 4618 3142 4538 680 3537 4882 1368 2970 1368
1666 3643 1914 4682 929 87 3430 3465 4785 1567 4476 3507 4505 3984 1049 1854 4623 646 3897 646
163 81 2166 4591 1637 268 1276 2865 1472 360 3618 4538 3604 823 3225 2941 417 1279 3041 2347
1698 4921 2491 877 3824 1913 3775 3521 2086 1966 3164 3114 2436 3393 48 2944 3852 736 2791 126
139 107 4614 1672 1246 613 2287 3062 1462 3617 3835 2158 4485 1508 3874 3681 670 2973 3113 399
3148 799 1507 2456 2884 1091 1096 2713 1222 838 1169 2981 710 4350 1870 2436 552 1569 44 1888
2150 1461 4156 2777 4548 3267 4351 4373 4163 1431 276 1173 523 1416 677 4787 4349 3285 2205 1421
1967 3416 743 441 3256 1396 2241 4055 4197 4332 4913 729 2585 4785 3401 1292 4103 592 1267 390
2457 3303 1090 1461 4711 1670 4855 3005 763 2843 2701 3763 4152 1510 3692 4516 1919 2811 3879 787
1972 2806 1787 642 753 3026 2881 1180 4331 939 2436 3316 4502 4664 1992 1144 4954 3604 4872 2370
385 3941 2787 4608 1438 4116 4819 482 3428 4105 1058 3494 2403 245 2664 146 1339 1063 1057 2397
3523 1169 3130 829 4694 3415 1642 2545 3292 96 2951 2964 4293 3187 2410 1387 522 1000 1613 4552
640 57 4323 3259 4198 2015 1645 2730 1499 4340 1322 135 578 3874 568 2286 677 3191 4589 2174
2568 2811 1977 3158 2015 372 1722 674 3658 2889 2660 2108 1834 3842 2123 4656 3502 2504 4502 1815
4710 1946 48 4000 3119 4000 4653 82 3984 725 3739 725 719 279 4948 4127 1730 3874 1710 4358
41 3706 1344 2901 1867 2375 92 40 2054 1960 2298 2458 904 3328 1036 1088 2705 2196 4433 1550
1967 3783 2453 66 4107 2760 3226 128 1272 2013 3232 2777 1761 2306 4239 2693 1545 4870 506 1611
3141 3676 2680 825 4273 3783 649 2701 284 551 2058 491 2696 2729 2359 336 2160 1272 71 780
4710 2624 1073 3360 2289 3572 2402 1267 333 464 278 1989 3406 3238 4103 1109 825 2306 1154 4766
4758 2533 2140 3744 2650 730 2436 1088 1352 1665 2890 82 632 2205 4367 3362 372 2827 1265 4915
3575 3540 92 747 3805 4103 4434 402 637 2041 4725 1511 4732 3271 1814 3666 4744 3234 712 2136
3683 3445 348 597 904 2274 3285 3984 3739 3540 2640 4923 2058 687 4514 730 345 4908 2894 4592
3607 2557 4665 4504 2558 578 1989 40 819 2238 491 4464 3779 4151 3807 4350 2008 1980 4108 3874
916 15 3523 4108 356 4758 1478 1933 4332 372 1323 1865 3285 2401 3357 3406 2771 3502 2797 3383
4447 4063 918 4308 4334 737 4863 2760 2965 4151 3864 4385 2490 3415 312 4000 1686 4049 4571 379
1556 96 2402 3765 1252 2940 3057 998 2263 2921 3607 4773 1576 3694 2368 267 1888 871 4332 2138
3503 4763 4054 889 2304 4744 3072 1077 4514 2693 4900 3437 378 4865 4127 4416 1459 1914 3686 2249
3224 3947 1091 313 1180 2472 2152 1632 2289 2148 3405 2895 1815 1972 1189 3180 133 4323 93 2591
3776 3887 1183 4370 2657 3863 2005 320 3887 1710 1339 3007 1839 2746 1479 4991 3430 266 4227 4366
2776 315 4830 3956 3514 1006 2970 4483 539 1595 2872 2402 1438 1580 719 4489 2068 4495 2517 4103
3607 3656 775 4161 3132 1466 2760 719 1252 1361 365 1787 1798 78 3370 1085 4780 4651 4811 3204
4201 975 4033 4942 1545 2118 2789 2058 2531 1252 948 1357 433 2236 3814 840 621 951 2717 4320
3231 2976 4478 4903 586 1768 2359 245 839 3874 1578 3874 713 3430 1791 3984 841 1545 2548 4143
448 1018 2071 3508 245 3152 1569 3611 3257 4254 2897 618 1994 2410 889 1086 24 2933 1728 293
1558 4194 408 1684 518 2644 3887 2361 372 4880 4744 1468 2436 4037 3832 3979 795 795 1844 2683
4102 1481 586 2968 3564 906 3333 3090 4348 4340 793 559 1994 4766 2644 3607 3918 1077 2133 27
2976 3044 2641 1173 3357 4566 1124 2672 2857 3835 1230 1761 2087 3961 1785 3866 3982 1855 2472 311
2212 2108 1720 1855 1201 3477 3135 4703 3628 1381 3084 2351 992 1272 4907 1272 3013 4711 4508 2686
3148 642 1436 2014 1321 3874 3160 1924 3835 3405 2465 4536 718 4055 1827 1090 4503 2417 4000 3039
2811 3550 2179 938 971 15 2515 173 3613 2281 4293 3062 2371 3284 3786 3583 87 486 3216 1785
1143 3783 3864 728 2884 882 3671 39 2008 641 2582 1545 3553 2436 51 4431 3694 4103 134 1669
3699 458 3782 2724 4747 3056 2670 744 680 378 4504 2631 938 2132 417 1796 4569 939 2918 2691
2457 840 15 3514 4817 2533 1474 1785 2068 2068 2068 3590 3631 4744 4842 2855 3523 1594 3612 2396
354 3572 1316 321 3738 1784 4344 786 1909 1743 832 741 3285 3984 2571 2527 4564 1107 153 3961
1438 4136 1960 1179 2081 276 3643 795 3887 2789 4227 955 2624 3572 486 2249 3874 2340 2514 3530
3514 2672 2672 1664 4591 4496 4519 4903 3134 622 4103 677 488 488 318 3764 665 4747 2713 1254
4175 3194 1737 3976 2570 314 2347 3563 564 4711 2938 3938 1438 3389 3866 3502 3890 737 3048 3887
4758 3674 915 1785 4342 1539 2890 1862 4210 3768 1888 4837 801 4942 15 1698 3200 491 2505 1474
2494 1108 2068 250 2479 3207 534 4857 3503 1176 3379 291 4855 1269 378 4695 486 1785 1457 2500
3532 163 3164 357 598 3866 2904 1738 1987 3780 3230 4188 1209 1390 741 2945 2436 262 2328 4723
135 1296 4715 4490 3285 867 484 3550 2703 2000 2742 1057 4063 1222 3781 1814 2971 4240 313 826
3099 2479 3234 4524 2407 4626 4900 1309 3236 209 4849 4784 661 1209 2894 2843 4876 3961 2403 586
4273 1823 2040 2467 3887 4536 2263 1066 4210 4990 4566 2881 3158 51 1885 4840 3943 2187 2316 4128
3390 2237 3460 135 2599 1177 955 3084 3482 3075 4689 881 4081 1629 3238 2445 2265 1575 2021 3236
2548 775 1270 3666 881 4448 2268 4538 1730 3580 2624 504 2525 1398 418 2132 666 1148 560 2911
1439 3523 3200 1465 245 679 1431 523 906 1937 3852 1648 4341 982 2013 2467 3887 3752 3550 915
2281 552 40 4158 4267 1459 4727 1612 1604 979 503 372 1086 134 4429 2136 2531 3256 3256 3231
867 1787 2068 273 3890 645 371 2921 4528 3874 1099 293 2468 1180 2456 3417 4808 3091 1812 833
4243 2451 4363 2760 4858 2945 2705 2278 40 333 647 1946 500 1575 4499 2108 2244 4432 291 684
1059 4484 9 4815 1435 1301 1482 4664 425 4210 4908 2941 2816 753 1258 2630 2000 3697 4100 4348
2136 4175 3153 1179 1090 2985 2171 641 4937 4388 855 548 4146 3169 2809 249 3502 3285 2306 3554
4998 1946 2789 3938 373 2045 3006 3452 4343 1548 90 3401 4246 4273 725 2695 2531 4308 4000 4707
473 113 4329 4883 4373 1994 2306 866 2332 1465 299 4863 548 4598 1088 4556 2528 3938 1130 318
838 2563 3926 1240 1944 4725 4168 64 3967 238 2379 1443 198 3727 2512 3183 1711 1088 1190 506
4493 3133 1897 2382 3634 2941 4908 2977 4225 1240 2545 2951 841 4909 3743 3502 1759 2490 3114 2732
3244 720 433 4292 1883 31 3643 979 1177 3580 841 3814 2265 2985 682 963 1888 1728 4392 1575
3699 4511 2205 4648 3947 4519 3999 136 3978 4537 378 2610 2184 3268 3694 4005 3982 1446 2052 4431
870 3564 394 1287 417 1665 1766 276 1792 861 2202 1869 442 1914 4126 111 3134 4566 2128 4342
4703 4000 3182 2951 71 560 4852 1881 2306 4698 2802 715 1895 2032 4613 3702 521 3303 1484 1271
2184 3033 292 4571 1968 3217 889 506 819 3638 955 550 3400 4103 2673 1168 4666 2205 3216 3153
2543 3711 2533 3658 4062 1607 2865 129 4363 506 1486 518 2057 3848 3067 3540 3206 2744 1209 3206
75 720 677 4954 687 1431 4051 4842 790 3407 1888 4317 220 367 3840 2699 2790 4332 1981 4342
838 3646 1622 1109 1998 4184 3729 2191 1868 4444 3874 2274 4037 2402 3918 2751 3094 2629 4900 3315
33 2289 2220 825 1409 3601 2217 1273 4129 99 3763 3285 1187 4323 4987 1458 3494 4036 4544 1642
3676 92 3349 696 2032 867 4723 3848 3521 1780 4071 819 1757 2081 3835 3502 4428 3504 450 1506
1439 1914 3200 4243 715 2570 417 4055 148 4327 551 3605 1006 1780 3417 1193 2070 2661 27 599
3526 2057 3341 4000 3083 2789 2624 632 2371 1837 1459 2254 491 4464 3663 4344 2512 1624 4364 2286
2227 4024 2347 137 2945 4175 896 1645 4626 2500 52 2969 1664 2630 670 24 506 3611 135 1977
4710 4427 3628 4852 2525 3571 1757 4116 969 4763 456 2777 796 378 3429 2123 1463 2802 2610 728
3656 3067 491 1584 1757 2495 4727 1436 3184 3501 646 3763 2166 110 2375 2910 210 394 448 480
1438 1017 1431 680 2644 4062 1973 3607 3606 2729 133 3514 1873 3234 578 4241 2039 1246 767 3267
548 1858 2865 2889 1851 2141 1773 2533 3117 3612 2469 2915 1529 1622 2343 1576 1309 4101 4323 1852
3200 351 409 4538 3540 3730 3695 4803 4041 369 3238 4586 4947 3739 4677 450 3989 2252 1741 1576
3000 968 3076 4420 3521 4908 1419 3517 4874 3387 3118 4593 3705 1162 2193 4069 2809 4942 2207 2451
3590 963 4000 4630 825 1946 4942 719 4163 1711 3744 492 1888 492 881 375 2840 3699 3721 2338
1368 963 4000 3811 417 2353 315 3119 3099 2728 1443 4051 112 4999 3887 1446 2395 3622 2087 4666
2457 4681 2773 2089 3540 3874 954 3540 1088 3149 620 490 245 4421 2892 3301 584 2815 1794 93
2965 2263 1854 4876 3611 829 3389 2478 3119 2541 2372 3607 2760 1349 2939 2254 3611 632 480 4349
1152 1438 3961 3887 2472 441 4037 4538 4674 1598 1575 1532 1462 3424 2061 4744 3926 848 3399 3730
3676 2047 1757 2462 4674 3735 1282 1368 417 2821 1381 2032 4942 4723 1629 2274 3135 331 1548 694
1989 1088 2545 4723 3285 1771 3535 4175 3628 560 1260 2090 4115 2158 4065 1920 4577 2370 1109 364
1689 2729 4000 3119 1301 2306 417 652 3163 4881 1686 1459 4890 642 4514 4137 2528 480 4279 4632
838 3598 752 1416 1787 4830 1941 1347 617 1914 3730 1313 492 1870 3315 4556 4743 1545 1634 2762
3067 4037 3984 946 4363 26 3711 3271 3320 4994 3132 4908 1033 1486 4908 1282 4363 449 4824 3503
2415 3730 1870 3057 3194 2631 938 1436 883 798 3116 4683 4572 468 1780 3148 4432 1787 418 4720
4435 2370 4108 4493 3739 2006 4011 617 379 4130 4900 1598 4714 1290 1465 3671 1769 1465 2046 3549
838 198 3634 713 372 825 3217 719 3398 3472 66 333 2286 2695 284 3224 3284 1007 2943 3515
2960 163 1297 3887 4820 2340 4664 2563 1598 4844 730 4673 2278 3731 4855 4055 2108 1965 1267 4551
3607 461 4388 3611 4508 1522 1648 3656 2930 741 3739 684 384 480 2839 703 2271 1844 4698 1278
4081 4332 2658 584 4452 4307 719 3984 183 178 4471 494 1092 3891 858 1125 2531 252 4552 4504
2666 4572 1152 682 4538 3540 818 3099 2834 1677 4154 1179 4992 4804 4526 4484 1150 4697 3711 2558
3981 2305 3781 1867 3390 4613 3390 4000 611 3562 719 1598 1499 245 2676 1155 2361 1851 2685 3225
841 1474 2263 4582 1870 3287 336 4071 1914 1105 4992 4037 2278 731 2947 2249 1888 3829 4869 3599
1578 4609 2982 4895 3251 3281 3334 183 1092 1576 4289 2711 1989 379 2839 1184 4656 3090 3540 1289
1551 651 3207 4181 1465 1465 4148 1888 3942 1431 4377 2409 720 3285 3523 3303 4647 2633 4238 578
4998 2657 3039 1389 3384 764 3390 482 2916 3011 882 3303 2347 2945 4239 4439 2588 60 27 4267
4613 3628 2123 1199 3430 3285 2921 4944 2436 2571 2135 2207 3730 3507 285 775 210 1973 1673 2166
4560 1629 1215 3981 1051 439 2656 4874 2091 2695 949 1757 1972 3395 896 2644 1768 135 4586 570
838 2644 550 169 3606 2891 2680 4832 741 4783 2035 1465 2375 3051 1880 2436 753 3099 4710 4572
4810 1182 4739 3982 3123 2880 2084 687 1510 1837 4348 503 2748 825 3727 491 2911 4362 1238 2128
2779 1102 461 1323 4815 4424 2826 4950 825 2701 4108 2186 3874 4207 1387 891 2916 4930 4673 868
1573 526 617 1481 2588 2382 3984 3249 4210 245 3158 1287 1531 1985 4101 2865 3699 2636 3608 2213
4255 235 3914 3045 3656 1599 4903 278 4686 1796 4279 2200 2035 1814 4564 4015 641 2218 4344 1761
2146 1143 2968 2733 3138 4695 1438 1814 728 1438 1977 1204 4564 3865 3917 4649 1162 4908 3211 3945
4175 4435 3849 3599 2221 2126 3018 1664 2498 2457 640 3872 1290 2306 3117 2472 336 3607 1113 2601
1059 1488 3200 3953 3918 2711 4444 245 2434 3872 3578 3643 503 4175 4990 1799 3395 2115 120 2147
2494 250 4161 4736 3748 3604 4075 2375 3426 2506 3590 2343 1671 3234 3952 642 1368 2970 2970 183
1972 3075 2298 1226 4538 4572 371 2135 4908 1297 3887 882 2763 689 882 1728 2799 4332 4060 823
3595 1605 2718 3802 1989 4055 229 166 4175 1290 2237 2672 1474 1853 3682 2278 1161 629 2633 4028
257 2894 4033 4915 1667 4237 3668 3869 2331 4837 307 4279 1154 617 973 2939 683 1989 1555 2190
173 4992 3191 344 4451 4805 2375 4664 4136 2306 1624 4101 2708 2925 3502 4768 981 2148 3303 2631
2212 3384 2612 1177 938 1598 3592 3514 3613 3116 3611 1545 1247 1675 3231 4323 1977 4903 741 2790
1837 3231 3649 1226 2751 1671 424 4043 4548 4245 3887 1896 795 1286 1447 1946 2911 4855 2469 2511
3414 269 2108 2326 4664 743 1708 2627 825 1997 2161 2937 2915 3870 4420 4544 968 71 494 4127
2644 4163 2773 4515 3826 646 3502 180 2108 786 2585 2469 1043 2438 4290 646 3944 1598 2139 291
3607 1786 1201 4000 4508 3496 1763 363 3874 1892 4538 728 906 1550 3309 2068 4686 2071 4078 2084
2814 4208 3607 4152 4127 3590 730 1851 2472 3362 3238 2066 3812 2811 165 2867 1994 2691 3469 3739
4703 3295 719 2279 2709 1766 4710 752 1864 3067 3415 3887 3890 3744 893 4273 4021 548 471 1870
3826 2023 1006 2179 3120 276 4019 3427 1399 1442 2823 417 3508 3241 2248 1016 445 4852 4686 1737
870 352 4332 2985 3945 152 2872 2306 4550 3201 2631 4163 3629 2041 2371 449 2680 1758 176 2672
137 3383 1946 48 364 4832 3230 1419 1457 4151 3055 3248 4664 992 4110 4493 3075 1088 2889 3835
3817 4838 562 3706 1994 4163 621 2626 1888 611 1665 4163 1528 2263 3996 128 3416 3315 1266 1101
3824 4477 4347 2728 3380 1728 1792 4567 2292 931 169 3337 121 1515 4453 247 3682 3481 2135 2782
4146 4362 718 1981 1664 1528 4317 107 1095 3111 2263 660 3232 2139 795 3631 438 889 4479 1750
71 4713 2802 3739 3303 1085 1992 3378 3114 4736 1008 4903 1913 2191 719 352 3606 3606 4842 4477
2250 2109 2205 3380 3303 4014 3165 378 602 4283 1596 181 2091 4970 2318 832 4029 1438 4674 2724
1559 1036 1089 734 1130 3556 1153 2057 333 2666 3234 1897 176 2200 2382 1144 1800 3661 3874 796
2666 3285 3309 4243 3267 3203 1686 2281 2278 2058 1438 43 4616 4763 646 3835 4917 1752 2306 4987
3523 4939 491 731 2531 4571 3414 2281 630 604 546 4889 1620 1220 2200 1598 3502 3607 825 3285
4664 4127 4082 3130 2113 4660 715 3310 2623 1818 1688 2867 2511 1372 278 407 1265 3389 433 2894
4743 823 823 2187 1496 653 3099 2782 3234 4238 1097 4458 1529 951 1441 4834 3783 3887 838 2672
3148 1152 3508 669 441 2711 2858 3487 840 1361 1528 593 712 4330 4457 87 4630 4245 793 728
838 2402 2346 4795 4449 872 4766 3995 4350 4582 1982 4904 3134 4207 840 3863 3217 3315 2205 4987
1989 254 2281 3377 761 1438 3285 2000 2451 4658 3164 2942 449 792 2894 1461 27 3075 4248 4207
2649 1903 4374 2571 3997 2675 4990 1365 2478 1665 4037 3504 3454 3445 417 4241 1077 4019 3730 4514
1268 3730 2656 3425 2216 551 2619 176 999 3527 4706 1267 2205 880 3005 4704 2633 2013 4908 1548
1798 4939 2944 1715 4713 914 385 131 23 2000 2506 4455 4484 4556 3656 4538 3682 493 2875 1460
508 4672 416 3234 1437 4974 1641 1641 4341 4538 4100 1119 356 1522 4973 391 3984 1664 2764 795
4175 3597 3601 127 3583 3430 597 4877 658 3554 4518 1502 1036 2225 4696 1785 3574 836 3552 1319
841 3067 4877 1611 2802 3020 1766 2367 3075 4667 233 4723 4078 1158 2378 417 939 780 3285 3874
3853 2722 3661 356 1139 408 4153 2790 4902 935 4519 3926 1883 333 914 2278 4552 3315 4389 4844
2108 1784 3682 1193 2649 2066 585 1096 3054 4766 4818 278 488 829 560 944 3160 4972 865 2531
2289 1597 3523 3523 3920 642 1155 2338 3631 2921 4954 1188 3874 4695 3781 1827 2370 1575 3069 2790
1323 4388 3234 1480 2849 1437 3375 1313 4714 1360 2989 2890 1664 868 1920 586 2811 601 342 4020
3607 4899 3622 3211 4318 3695 2442 587 4536 2232 3261 348 2222 3874 2821 1167 1117 682 1597 525
1111 899 2947 4554 3699 2436 17 4942 2236 2327 719 3514 4855 3514 4264 2462 3829 4151 4752 1086
3974 1091 4369 1439 4806 1272 2 3471 1946 552 4833 4634 3350 1814 2769 3284 110 818 798 555
624 305 3739 3540 41 4120 3741 2205 2263 2844 3604 3572 3930 3706 1688 130 2263 833 3858 710
2845 1290 41 1522 333 3278 1754 1545 492 3119 4008 2760 744 2505 4553 3084 4103 1328 3697 4037
3524 2184 4560 2861 617 3305 897 2855 4308 1919 99 3918 1252 518 2588 671 621 4318 1784 2717
3607 4112 4942 2068 2068 2688 3319 48 417 2865 3310 1184 981 4571 825 4714 1360 3312 4656 2693
1413 3540 185 3131 480 998 1011 3146 1945 90 687 3022 1605 1492 4736 3785 3483 1637 2403 1243
4667 3469 3372 1464 4007 2659 4656 2943 2389 1211 1450 682 682 4103 1107 3891 2920 4780 4094 2939
670 71 719 1431 2161 1664 4424 4128 3382 1297 1934 1919 1795 3652 2403 1772 1017 2855 998 2504
3154 2220 473 255 2532 4344 1874 4432 2448 4462 1721 1859 2371 3757 1202 4181 1367 1429 4587 4639
3115 2136 3218 4613 2714 2465 2139 4844 3611 4697 2136 4039 2782 3234 4342 2541 1598 3285 2461 3571
2610 185 3083 3730 1548 2524 3598 4308 4208 67 4571 1787 2436 523 3285 293 4327 4964 2263 2008
2610 3622 3070 2436 4186 1678 1040 730 4376 3414 687 2368 2397 4606 518 9 4495 3521 252 135
1690 4004 4908 4983 998 3887 4720 3630 1036 1977 4472 728 2711 1031 2916 1361 3084 904 2 4037
1597 4013 1252 497 1732 3451 1664 378 2528 4384 3425 1545 4994 1989 2728 1460 4374 417 417 363
4758 1442 53 2076 417 3119 2046 1814 1664 1670 3887 2572 291 3300 3196 518 3814 754 4276 4161
1439 2697 4939 1465 4809 1468 1862 2205 4550 4698 1516 119 578 3260 4469 4095 288 2089 4062 683
833 2085 2570 4037 1272 3544 2612 3948 1393 2705 3499 4561 3640 136 4599 4538 1469 2554 1072 49
163 768 3874 3997 119 3852 4895 4552 1566 3315 4102 4043 58 3507 4110 2863 2212 1858 2036 3874
4293 3171 3866 3502 3264 250 4743 3272 3489 696 1853 1706 2717 1994 2713 1006 3606 780 3094 2531
4175 1244 1088 252 4569 2672 4267 4321 245 3152 2278 4511 306 4699 1588 1333 2452 4421 815 871
3033 292 1319 4988 944 47 1278 3940 1653 3835 1870 695 3502 2496 872 4766 4181 245 1481 3204
4758 2815 2243 4207 86 841 4181 2760 833 1026 3005 3119 4479 728 4763 646 4738 188 968 3607
838 2610 2505 4995 3213 2520 4271 3188 3888 224 635 4246 396 4538 414 1226 4538 2929 3150 3499
1716 1167 4524 1272 3974 176 1892 640 173 4817 4110 832 4572 1653 3377 2711 2094 599 3683 165
4163 646 722 1219 3739 1065 2939 3099 2435 3416 2894 4447 3978 2708 3586 2823 2260 1612 4122 819
883 3157 269 2045 2816 1289 424 1038 780 2278 372 3056 1354 4101 1183 106 2345 2657 548 3998
3945 2814 4763 2827 4479 1105 3835 4793 2117 4012 4903 2509 1085 2066 2729 111 3887 731 2709 2451
3616 3963 518 4769 3911 3163 2013 441 3468 315 3838 4547 1787 2806 3672 4502 4973 4586 3502 1757
492 1761 4626 3874 753 3658 3829 1870 2820 4597 503 3879 3699 2848 4570 4260 4515 2939 2652 4725
2789 3478 2468 2454 250 3240 1465 990 378 4743 2541 1840 1184 838 4738 4990 4817 2556 790 3204
1323 4477 1261 1769 2657 2543 506 1529 378 2140 3740 913 3954 1946 1474 1761 1595 24 872 4392
4477 4552 2072 1201 3380 96 4878 1333 2815 2286 3275 825 238 1758 417 719 1241 1520 4213 4175
4284 1329 3852 3532 2947 165 305 1052 719 1431 4051 1664 1967 3158 636 1439 3018 1260 4664 3889
3607 4163 433 4245 3887 3997 1773 215 598 3306 1314 1040 2605 3120 4857 4019 871 2676 4126 3523
2988 3224 3285 3178 2974 3866 4158 1785 3869 2506 1795 4835 613 4282 2717 4723 4245 1431 882 4947
796 68 4630 2272 456 3797 1884 841 3167 2089 3638 3786 1737 2891 1800 1565 3471 3238 3211 2416
4758 2815 3984 782 3516 4069 1271 2371 3067 285 2865 1998 3120 829 3119 1622 1323 3948 3554 839
1439 1914 3350 15 2139 3504 63 1545 4564 2076 2496 4889 2278 3151 2926 4062 2904 4855 933 4626
3274 1930 2472 1466 3926 3310 3891 135 173 1864 4990 3941 882 1209 84 642 2945 4464 4093 2820
4083 3384 72 4502 1136 404 2086 752 3285 4152 4508 2228 4979 1671 2722 173 1282 2947 1919 4985
1323 1091 4207 728 2711 2650 2645 4809 3961 2494 4680 4922 3178 1313 1209 1089 4068 1323 3523 3540
1101 2610 1593 4538 372 193 1528 3699 4362 2729 2833 4108 3427 4710 674 1965 344 3629 2312 3714
1952 833 3067 2452 2436 4151 2775 2314 585 4350 1436 4051 1888 2189 1243 1278 3333 4587 2904 2338
1972 3279 867 2149 1341 4865 3504 3258 1683 3601 4769 3863 4869 396 862 2941 1672 1939 1173 1682
1379 4215 4785 3874 2048 2274 586 2583 2300 2236 3554 1767 3802 1980 1682 2843 3460 3695 1682 3984
3607 3875 2108 4876 3060 4593 1088 2640 168 4990 1323 4952 2676 3972 4348 2677 133 1813 3313 2640
3217 4942 4068 2208 2286 2821 1454 3874 2851 2921 4480 3180 4804 2465 4365 1637 4435 1528 2547 1785
3067 4846 2517 4369 3947 682 3611 2068 948 2159 700 4163 1528 2374 4089 468 3607 71 3158 1209
1544 231 2278 1850 2236 3214 1301 3204 3543 3514 4942 360 3249 2915 247 2381 1117 4181 2543 3801
4332 4849 380 1323 2590 3532 993 3989 4061 586 3930 3733 1102 4071 4908 4215 2450 719 1058 3596
4668 716 434 687 2951 658 278 3524 4710 4674 381 3618 2320 3285 3984 2401 4567 390 663 2610
4908 931 1139 4353 3490 3281 3584 1698 725 696 4226 4246 4726 2613 3948 4727 4627 4376 4673 1309
3337 311 3131 1438 2571 24 4227 2902 2402 3984 1385 4336 4607 3874 417 3563 2056 3858 627 3401
529 3826 4805 2141 4760 1237 418 4760 1930 4432 3631 2068 682 2340 825 4942 1545 4100 2894 408
4998 1154 669 4103 2610 1436 3067 4758 2821 2951 3514 742 4900 1184 1865 491 901 4700 4572 1752
137 2607 2599 4099 3380 1545 4011 3248 2899 2760 4766 1809 3150 3996 1522 4197 4942 4891 3502 3502
99 2657 4099 2941 3886 68 1805 4538 2940 1343 700 2445 2658 416 4359 4735 1378 3692 3915 3169
1333 1088 1435 315 3016 1710 2713 1261 3940 4985 2802 4099 4081 1313 2960 3601 3695 4317 3762 4538
4293 231 589 2521 3376 3607 708 1941 376 734 164 3694 185 1550 1930 3204 4904 3984 1119 1533
3690 3699 838 2205 3318 165 4474 2207 589 4369 3928 1785 3453 3502 223 2237 3695 4763 4758 1015
2135 334 2769 2106 712 4642 818 250 4283 378 3984 3514 2287 1722 2806 877 1059 4666 433 2402
3729 433 2451 4343 3460 2202 2128 2968 3604 247 4327 720 4686 2312 390 2286 827 523 3540 315
3215 2713 1834 4392 568 3852 4480 1529 1888 2713 417 1888 4744 1798 3612 1623 3702 4136 3367 1251
1723 3007 2736 1546 2454 4020 4345 2306 2306 3150 2217 586 780 2278 2520 2696 3890 1096 585 2340
2402 1581 1946 433 2286 2728 3538 2199 257 3309 2575 3416 3315 1638 2150 3902 217 2789 3832 795
829 1063 720 417 2191 2555 3303 878 4994 973 4699 4954 372 1481 2901 3169 4577 578 3798 2672
3656 2281 938 973 2610 4544 2 2491 1787 4894 4607 2729 4000 2821 1059 2693 4039 4586 2659 4656
2960 1550 741 647 2128 3120 3285 3235 1977 4972 2631 3872 3395 4998 719 3101 2806 4006 2401 3864
1272 1419 4972 115 4426 3007 2205 2811 4976 1416 3380 2922 1261 2368 3120 4908 3043 4519 96 1096
4175 1875 1716 4255 443 1329 3540 2444 687 3728 2917 212 1146 1238 1965 1870 3672 1349 1725 2737
829 3138 4 3600 4538 3906 2193 833 588 2205 2921 385 2450 1896 896 138 2465 3874 3084 4465
2759 4626 1933 2286 2174 2691 731 1501 4331 2114 4333 3786 3285 4697 2627 2739 1800 2539 2704 4487
4758 1350 2858 4803 2890 1664 3174 2505 4608 1359 2846 3861 4871 3851 2263 4116 2263 2132 3741 2205
4152 875 180 3550 135 4394 765 2729 4939 491 3714 2057 3305 1508 2126 15 2644 2278 4599 3954
2286 4286 8 4874 4545 646 1376 4844 2578 3972 4511 4915 1290 1838 4908 2622 1104 395 3882 1050
4175 4725 4423 4128 1881 3069 4020 2098 2890 4840 3996 1154 3821 3396 349 1629 3931 2644 3205 4329
1037 130 1130 4852 4900 4538 4553 4178 2263 2789 3002 3521 718 2537 3324 417 719 4163 417 2789
3502 2069 1851 4435 2456 2463 2126 1062 1266 1499 3098 3262 4031 2512 4916 1664 3926 1960 506 1839
3296 4127 4654 2359 708 306 4234 1814 2200 3747 4210 4869 3206 4842 2128 2361 2985 2791 3471 2762
2237 1914 1183 2707 2371 3726 4471 4652 1215 3502 4637 836 3502 3984 1091 2790 4442 51 527 421
3285 3874 568 2194 223 292 2770 3206 4308 4165 4279 2205 1482 3852 2443 4000 1443 3682 3699 3521
3694 1431 4231 4758 4908 3984 799 2274 3285 3984 3379 480 787 2911 4656 2332 923 2228 3401 130
3256 3469 1439 669 3540 352 2729 720 3445 4829 4372 269 1717 1086 3216 1987 2158 4051 2821 976
48 783 300 2205 107 989 1410 3550 4066 566 3268 825 449 1410 2401 233 65 1546 1994 4999
2436 40 503 3746 40 2942 417 4000 1372 4286 2715 4362 4125 3315 2467 4710 2402 3864 928 1933
1597 1786 2397 4314 1108 3285 3781 1121 2848 4184 4890 1989 2286 3315 1750 3729 1383 3234 3295 1113
4232 629 4538 372 778 2084 1992 4469 96 1528 4317 4849 851 2401 3825 1251 1528 3389 646 1838
1457 4915 825 1216 4572 4900 631 4836 798 1322 1533 825 4855 3514 4869 2036 2347 3739 2012 1191
1766 4838 40 449 3139 2154 349 718 2286 51 155 1972 324 947 1323 719 1361 1167 3241 1487
2625 2370 2777 3607 597 1086 866 2136 4900 3161 233 3885 2402 1728 4598 4163 2211 3982 1583 3075
3466 2359 245 2066 2010 4480 1743 3256 1413 411 2328 3656 4212 3874 2174 3636 354 4239 2435 3060
2835 3075 3858 1230 3264 1339 3887 4804 1977 2010 3211 1203 4502 39 4909 4714 2405 4861 4161 1989
2150 3171 3623 2494 3940 2740 4983 3783 4614 2680 315 1896 2764 2834 1465 2435 4451 48 1184 1577
3918 925 2454 895 4345 4758 1671 2672 4037 3502 2890 1664 961 430 2594 719 2139 2023 935 2225
2537 3319 3164 499 2661 2445 2529 881 417 1548 3114 3007 1474 4350 3940 3285 2000 4763 1180 3601
3148 3420 4276 155 313 87 1532 4363 333 2207 2789 2 3224 4062 1038 3243 4255 1536 1557 2541
2657 3575 1413 4406 1107 3683 1323 1293 1888 4878 3940 382 3984 1674 1814 1664 135 1241 4867 819
367 3695 1416 4554 2760 2211 2553 4669 4060 4669 4865 378 3683 4187 4588 4333 3042 2045 492 3525
165 4435 3836 1787 2191 2135 719 1294 356 1811 4780 4020 3427 4152 3475 1591 4019 1634 4633 3887
4758 119 2865 2465 4502 3430 3674 2915 3540 667 1688 3992 491 386 4538 725 609 2945 1811 2001
2237 3676 1865 712 3981 3694 3550 670 1602 938 2713 2 171 1752 3132 2701 4243 233 246 938
2649 3309 163 3607 4197 3776 1667 838 3070 270 4224 3494 356 764 4071 4240 321 291 2644 1328
2845 719 4163 246 197 1474 3134 1787 912 631 765 3462 483 3606 2729 4000 1758 1907 3363 1236
4485 3372 2467 3540 3166 334 825 825 4308 4425 2977 4383 24 169 3874 3596 1465 3166 2610 3514
120 764 4051 4342 4350 4567 1994 4819 1016 121 4104 743 2386 665 2393 866 4502 4323 1814 799
4371 3692 4523 3686 1964 4164 1758 2796 3728 3733 1438 1462 4225 1365 4152 3887 1529 4455 1125 2600
3590 4998 683 3716 2816 4135 1438 682 1800 3887 3389 3782 4730 3796 3695 1611 3686 245 4976 4819
3602 2976 867 2839 2263 727 2054 4421 417 1283 2058 3798 3120 4455 4518 2843 976 2013 2375 3069
385 3286 449 2665 3158 198 1522 4713 1209 3013 4626 313 2911 3155 2 1777 3984 48 2148 1149
4175 4818 246 86 1202 2068 4402 3234 3694 449 1447 252 165 2263 2542 4191 3782 3842 3830 385
225 881 433 848 4481 4583 4248 4817 1765 1631 1409 1602 1545 3315 2897 176 2436 4473 235 1528
3453 2274 3622 3846 3500 356 3874 4257 503 3089 4426 3918 1040 4264 1146 3606 2387 646 2639 3752
1964 3152 4289 2126 15 3416 3011 347 2402 4495 1985 3458 158 449 3089 904 4363 3906 1238 4484
3918 4747 4243 3528 3473 390 1558 3631 2013 1598 1136 795 4245 3874 4343 3084 825 2761 4805 720
2109 3550 4994 3835 3502 180 381 1111 4824 758 4248 1853 1374 4346 3114 3099 3075 2655 4674 4526
3065 4171 832 4538 4571 3411 3230 4954 1209 1323 166 1389 135 1105 1038 1108 4567 1914 331 1360
1711 2705 2720 2838 518 3300 1138 4697 642 4545 823 4086 3733 1403 4760 1035 4311 1810 738 393
4444 2985 1148 480 3200 2107 2531 3814 3879 2911 1978 4032 396 3730 1633 2806 4730 4656 2601 4582
3918 979 635 4769 2748 2185 2359 1766 3782 40 40 737 2951 4421 3660 4055 2068 2068 2068 2068
1972 4908 699 2148 2703 912 1952 408 659 4212 4540 2359 1854 1179 2835 1279 1787 3067 3388 233
3099 833 3476 2335 4152 1545 2978 1689 2729 4000 3543 1512 2908 4553 2904 3919 1239 1761 1989 2760
4998 1946 503 1191 4680 3960 1914 3164 4707 3692 2222 4297 719 2011 2612 4597 1825 4502 1339 134
3068 838 1323 587 2571 960 2680 2457 1506 4405 1840 278 2368 2255 2904 3991 3083 3814 795 968
9 173 2904 4721 491 2877 4049 4302 4362 927 3235 4233 1361 2352 4877 961 2472 3607 2760 3643
4989 587 1858 2537 313 1049 3523 3097 4267 882 1522 583 1698 2142 1240 2531 2370 4896 111 3075
3416 4127 3067 2610 1481 4511 4051 3832 719 2904 4106 586 1419 396 1278 1614 4175 4101 4538 1664
3617 1953 245 3890 1855 1866 4936 1533 1025 1376 3730 3043 2489 2644 764 4942 2797 2722 4332 3540
2146 819 783 1163 2545 4000 3829 4311 2436 2205 3683 356 4577 3067 4711 2644 4428 1160 1165 3852
2601 4350 2931 2920 4852 2371 1101 198 4763 3353 449 734 3596 3502 3136 4561 1438 3998 1914 999
2108 3118 2113 1283 2897 3874 687 3119 3786 1325 3315 3682 3309 3523 3572 4991 371 3683 825 1184
4803 3981 1323 1015 1853 3015 2213 1226 1598 3481 1251 825 1504 4127 1866 4071 333 678 2591 2806
1439 450 2408 1438 719 1244 2170 835 3163 3948 2520 2165 491 506 3695 394 2945 1785 378 68
4562 2657 227 4331 2520 4538 3036 928 3631 2644 2205 2260 4062 780 963 4895 1766 3191 1888 2688
752 3004 990 3238 4338 349 2171 2479 2568 1136 1194 2211 3176 1757 4908 552 356 4758 2414 2897
4353 2588 2672 2361 2728 2696 1973 4115 2770 2023 2472 135 378 4743 3945 1723 3627 454 2966 3686
1374 4703 4518 2729 2402 139 169 4948 2693 523 3267 119 2602 1431 2539 1597 4347 4994 2855 586
3607 2906 4469 2046 4994 3389 385 3928 3721 1419 4686 4323 1632 2370 3422 2624 4276 4101 3284 1787
3826 3234 670 4903 2450 3218 1960 1280 3926 2519 2345 4383 2789 147 621 468 4785 682 2760 2352
3730 552 2010 1787 3926 4127 4686 2359 2359 3735 3874 4882 1817 3927 663 1812 136 3540 3166 3389
4998 4459 646 1194 1552 633 1584 2068 424 4068 1191 4477 3481 505 3967 2510 3395 3349 2951 4889
764 1560 1676 1167 119 4985 68 4681 40 1367 799 417 513 4362 4276 1787 1162 4727 2644 1529
838 1576 3694 4710 502 1261 2410 3214 3267 4103 2610 333 4117 293 2894 2941 1812 235 1211 1671
2992 3315 1111 151 1144 4191 2252 3948 4868 4528 395 3550 1780 1088 4508 4842 156 4240 4081 1190
916 4790 3416 4572 4900 4051 1819 3043 3628 2608 285 2274 15 551 22 1189 71 1870 2840 4586
2528 1184 1946 4000 3134 3574 2693 565 488 3378 2051 1608 99 4902 1179 4847 3171 609 1664 2203
2108 416 4664 2184 2286 4464 2451 3158 4068 4720 1501 4772 955 1580 2279 245 4686 1548 2705 1529
556 3602 655 333 3926 3033 1858 3874 1629 2415 2265 2496 4777 1201 3390 3984 1742 3430 121 216
57 4082 449 1785 1987 3596 2520 1101 2886 385 2058 1261 2768 2342 4878 3262 3507 3763 1598 3628
4752 719 4318 1545 2641 1413 3042 1008 1271 4420 3782 3319 338 1283 2602 2961 2414 1102 2457 568
4830 4387 4101 2372 2656 2757 2278 262 1313 1989 2259 1648 315 835 1627 2937 3477 3618 3638 4876
1439 449 3574 2796 4538 3217 931 2720 1901 3173 1231 3491 4668 247 441 2874 433 3782 1286 1152
1985 4805 2502 2008 1884 825 74 1888 2499 1750 15 3514 371 4311 1413 1088 4713 2897 3075 882
4452 4163 1711 1202 2436 31 3744 1787 4538 2205 2947 3504 4383 3852 1360 1164 2610 2527 4163 1702
1059 4752 4730 2944 4447 4007 210 491 4939 2450 1466 719 2347 4470 1088 3930 2643 1522 1655 40
3469 4453 4666 41 1522 4618 1295 4957 2722 503 690 798 1859 682 1626 3166 4743 1107 2834 2279
3694 2343 1396 293 4908 4362 1060 1272 3982 2920 3984 2253 1162 3617 4668 4363 3601 2306 1838 3725
1619 68 3600 1300 3874 2769 3372 3580 586 3619 2938 1809 2436 2367 3390 4552 4055 1545 3070 2982
3694 715 3866 2030 1745 2205 795 3358 2249 4096 1008 3069 3523 1684 1209 385 799 1788 3056 838
2480 3039 3155 4008 3440 4763 968 4607 1313 904 861 2809 1622 3786 173 731 4519 3276 3416 2760
4102 2528 646 3395 1834 3219 2259 417 903 27 1445 2685 122 2371 1508 3984 2451 728 2011 2728
374 3318 2929 4985 4333 3765 1685 731 1365 3604 2213 4439 3835 2528 1904 3607 4152 4211 378 4031
2657 3503 1152 2320 4127 1981 4817 2858 4558 896 3550 3550 3429 1017 3507 2834 1613 2985 169 2908
4477 480 3310 687 945 1244 4181 40 4115 2451 3264 1946 3184 1757 1659 4784 4852 315 818 3835
2286 3739 4907 2205 2610 1989 1085 2748 4019 396 2191 2225 3984 1516 3514 3672 3948 1098 1812 3887
293 2152 2811 3887 3158 1287 4034 3178 1323 2140 1835 503 2101 4435 838 657 3179 1327 1312 971
3607 652 4076 3676 2809 3230 3444 3171 1920 2764 4225 3835 1252 3256 1016 1073 2883 2771 2205 245
1323 3775 2821 976 1187 3744 3295 1313 4538 2718 3150 1987 2106 1792 1119 417 4511 417 2693 1184
4758 3769 2046 1037 3313 1290 3099 658 4893 3607 4493 3601 2704 162 4227 979 4700 3462 1442 961
3699 1152 1242 3175 1814 1153 4976 3455 1 4538 1164 2364 3035 2375 3869 3265 552 2790 1324 950
3730 2437 441 4041 1730 1024 2166 403 3887 2191 1787 2531 963 2729 3876 1817 2468 4960 3026 2365
3503 2263 284 1323 4458 1368 4320 3216 2191 1146 2465 3618 3702 858 586 2090 1095 646 2580 4037
2657 4898 306 3926 1474 1015 2074 4051 725 3067 4809 2730 2058 4838 49 1162 4458 3194 1977 4505
3721 4363 2136 4363 2868 1140 3786 2185 1040 313 22 1288 2970 378 331 2649 4373 3767 1529 4309
3523 1169 2857 3425 2659 2886 3643 40 2436 4852 734 1648 799 2823 1200 2417 1209 4100 3918 1266
2011 3813 1545 2123 1416 259 235 2711 4486 4695 3430 2451 3471 2904 889 2436 250 3852 4526 1664
3166 3676 3842 1532 334 417 480 2973 4607 4538 3337 743 2502 783 2537 4646 556 2626 130 3570
1972 3540 1163 4179 144 917 822 3416 1980 1834 1598 4549 4152 3646 3831 2875 1376 3380 4798 3984
3918 2358 752 823 2920 4207 4283 3114 1656 4292 1362 3337 4567 3416 4942 99 3502 3075 3607 2315
3729 1063 3234 4785 15 2816 188 4438 2861 3089 3918 385 1092 1102 2359 4869 3891 245 2175 2240
2945 2205 2343 3240 4290 2451 3171 4871 65 4030 973 2554 417 4511 2963 3729 646 1144 2472 4451
3694 1431 3041 1870 323 4383 1645 279 962 4448 1184 2205 546 2084 1371 3631 1468 2370 3439 4540
2528 3079 1154 4607 1077 194 1899 1847 3211 2416 1203 4078 1026 4197 1685 2068 1117 640 2304 3740
4371 106 3692 618 798 1073 3786 1468 3928 3554 4714 313 3564 171 938 3285 4840 780 4723 3285
3694 2541 722 2672 2652 130 4947 4323 2435 3618 1190 2010 1180 1309 315 3981 3984 4163 772 1888
449 3089 4519 1665 752 204 798 2313 1431 2010 1107 936 3897 2852 2585 998 998 3469 4471 3798
2939 2135 2782 3328 645 1769 356 4942 3590 2260 1827 4078 731 4000 4000 4832 4127 4985 918 825
2657 3890 2278 678 4664 173 3938 9 2495 3977 1680 2489 3151 1881 49 4768 4245 1028 493 1569
3918 3108 3604 3315 4608 3563 2968 4116 2631 4900 3927 4350 1888 1020 3068 2957 4819 2183 364 169
2252 3692 646 1252 1154 368 4363 2004 4055 1251 163 2627 3730 4992 2894 285 3244 356 3918 2385
4127 3032 333 101 2578 2066 1888 3236 3781 3026 4350 4503 245 4421 2186 2644 4063 3656 1271 4763
2372 919 882 2237 4099 370 4342 1576 4037 4417 4051 4668 4572 2503 1574 3874 564 613 1465 3166
2627 3682 1413 1716 1368 4130 2888 4432 3602 2150 4037 4768 2894 2263 3119 3084 3286 4102 2435 3153
838 3798 775 4273 4435 1858 3120 1461 3122 2468 775 90 4200 1514 3502 292 4582 3469 1595 2986
2314 4489 2068 2779 396 2635 4921 2205 3683 2278 2042 3099 385 731 2907 4016 4998 861 4783 2949
3700 276 1946 279 1964 2586 165 450 3643 417 570 1040 3232 732 3515 2278 1243 4332 2414 1062
2954 2657 449 2345 4575 687 4163 3781 4051 3430 1226 4538 4084 1209 2545 837 1623 677 40 720
2779 4493 333 1099 3649 1442 780 4900 1109 2463 798 4749 2278 4055 2286 1474 1777 192 4760 1858
4973 3234 3482 1532 3350 4518 778 3550 3550 1196 2436 523 1870 1698 1914 3445 2937 3234 1897 4000
1143 2263 762 3514 4897 306 1838 1506 2087 1183 4758 4758 356 1209 2055 385 1692 3018 3239 3045
1431 2152 198 3303 1924 2740 674 4028 1914 1874 599 1581 798 708 2171 433 106 4842 2834 4940
936 1914 2657 4363 1035 3981 4208 4152 2106 786 1043 1368 417 992 954 2991 3587 1622 1837 1086
4710 2624 1177 1781 2920 2570 3267 2200 2392 1977 2631 1465 2435 3211 4476 3389 4007 536 3221 1243
2068 2068 2068 2068 2068 2543 2090 1150 1333 893 3224 798 4518 2504 471 949 2372 1944 4869 1413
1946 2961 2649 1659 3745 2414 1809 2693 1578 4710 2408 1049 3230 2 4855 2890 761 396 444 4540
4544 1480 3879 1252 2696 15 2691 4647 2263 2529 3811 2068 2926 1238 3395 3738 1784 939 731 293
2136 4363 1837 948 4098 2402 4175 1481 393 4987 3494 3303 3619 1152 1598 1619 276 4019 1866 4243
2657 403 2046 2843 395 2672 3057 2202 1711 2631 3285 3874 2865 2236 345 4318 3786 1873 90 599
2537 480 2081 2185 3509 4152 799 1920 4098 1888 1123 3370 4736 466 1904 3027 570 2278 4264 3982
4175 3781 3549 219 3707 3481 4881 4668 2941 4097 4036 4055 2760 3490 4467 4538 2579 559 4756 3254
163 4871 917 796 2046 3600 1315 1576 2890 4302 3835 1926 4768 1643 3239 1787 2370 1121 3913 1426
4420 4675 1925 1602 3522 4345 71 3158 4550 752 1980 1665 3234 402 418 969 1321 499 3417 861
1136 1017 4545 1605 3414 3244 4361 3949 1460 4197 390 4582 4561 2436 3620 4529 1466 3067 3166 1199
4181 561 2511 3507 285 1591 1967 3887 2128 682 372 1787 642 4243 246 2519 2111 415 2435 3554
4752 2851 3984 923 4163 4330 3692 1508 1144 1549 1545 4231 881 3607 3504 3540 3133 864 796 4850
4175 2281 3642 333 4181 2136 173 3128 1182 2560 896 1504 106 2954 4014 2254 622 3948 4900 2398
2136 1701 4004 40 2375 3729 4554 3285 417 4342 3874 902 1529 3984 1529 4865 378 1098 2845 1413
2527 2439 858 4022 2191 1313 4548 2098 4151 2006 3089 4065 2278 730 1520 4378 3604 4947 4768 1077
1681 1176 4332 1757 4163 3395 4693 224 276 4457 48 2701 2947 3303 1888 2966 837 2624 2436 3563
3416 3564 1890 2046 1949 3540 694 4674 1972 1598 4556 2815 1474 1171 4538 2472 2632 2244 3926 2385
3575 1059 4355 1707 3444 838 4586 99 2372 1297 3512 4480 1091 4332 2840 2943 4431 2640 2124 3084
1665 3513 1885 577 3310 4817 618 2030 4872 3920 4479 4439 3606 246 3887 41 1664 2713 4508 1598
1860 2729 668 4227 2436 4421 1088 333 36 4458 276 795 2015 4900 1309 1089 2436 1088 3967 3265
1209 1623 2626 949 3608 71 49 682 1758 4433 3530 2286 3829 3494 1884 4844 2729 131 4607 2915
4175 71 4451 885 2870 1150 1524 2835 1569 491 2696 278 4919 3669 4285 1787 1065 4103 3231 4677
4347 1909 33 949 4163 1528 12 3618 2058 4518 2555 4664 1934 2010 4760 488 2775 1221 4000 4264
900 3002 4703 2594 4913 1088 1150 4261 2631 1622 154 2058 3607 1598 3607 4561 1870 4152 2058 3309
4070 2713 2770 4020 3158 4900 196 4508 4637 4037 2947 4000 2074 841 3005 3872 1072 245 356 4746
3258 3523 1740 3415 2558 3138 2790 584 3173 396 682 4809 1163 1368 1368 3144 3285 2760 3786 605
4998 1946 4913 1598 15 3851 378 3521 938 2894 2966 396 3729 4108 1903 1845 1960 3057 4175 2437
2719 3453 2250 4330 2010 3278 40 41 3078 2278 3436 376 1811 4054 1812 2586 3887 1555 2729 2707
3466 3529 395 884 730 1144 274 48 2478 2454 527 4804 926 2684 3430 3120 1743 3569 2631 276
186 2959 1179 782 2136 1407 983 4031 3607 552 1870 2686 2540 3201 2701 2709 238 2149 4582 2341
2729 2588 384 1554 3514 4051 139 3540 2255 2440 2672 1664 4907 3607 1784 1222 1888 2068 4926 351
135 4730 164 43 2894 480 4695 4398 4805 3782 4081 4411 2947 4929 1885 4152 2345 1989 365 2123
334 2624 3315 4871 3494 4063 552 4668 2359 318 2212 3802 2095 4215 1117 677 40 503 390 2378
3918 4333 1946 48 4000 3119 51 2504 668 3406 2711 1445 1936 1117 4954 3007 1439 4784 40 3731
4175 3390 99 3351 2091 789 3512 418 1101 4994 644 4550 4488 3471 1236 1209 3129 250 833 3439
3502 3200 1012 4682 998 4981 3099 2452 2361 4505 517 4363 396 1888 3207 3836 789 2252 3786 3315
2361 2385 2595 4051 1657 3344 1940 2414 3303 1287 914 4686 3729 503 3872 3254 4101 4363 4900 3119
163 3514 1091 3164 3741 3866 4424 4586 3504 3962 1887 2528 3981 3583 4383 2910 2429 1855 4418 3507
3607 4273 3309 1438 3285 3874 2300 931 1139 3284 4127 3324 1664 1526 4538 2904 4637 2010 3575 1413
3007 2082 106 2945 2628 4293 1989 776 4014 3178 715 1650 4453 1376 636 3234 120 4144 4128 3158
518 3166 4323 4891 246 3291 1615 1323 1734 178 3947 2729 1480 4985 687 4330 938 1688 3073 318
4175 50 851 4572 4107 3201 1575 578 1989 4262 1888 2068 2068 2068 2068 2068 2068 2068 2068 2068
131 3676 1462 4243 3437 352 576 1973 3912 4809 2485 3507 4163 160 3379 245 1901 1612 1912 3134
2231 2237 1323 3828 2961 2263 1287 417 1946 2068 2068 4564 4957 4621 2548 314 2970 4161 2672 801
906 518 1581 65 2007 4855 4714 1612 396 720 2444 4231 798 3918 3006 1855 2184 3042 3285 126
4200 3887 2976 2393 1089 1442 1629 1108 390 4000 506 841 3024 2564 31 248 3303 2536 480 3974
4360 2809 3864 3083 1462 3866 2317 2325 3979 1493 523 4166 3604 4865 3134 731 840 4572 1777 776
2013 3694 2457 449 4991 1754 1154 1333 4869 3158 4458 2278 2 2636 2863 1883 4637 2451 1800 4467
2705 2261 2815 728 882 2212 447 2340 4048 4094 642 3978 1276 4108 4954 3469 2624 2036 1888 3230
2372 1639 3075 3150 1548 502 586 2977 728 51 3984 4365 4176 2426 3217 1065 4267 3164 1107 4373
3013 838 4297 2598 4447 2531 2113 1793 2696 4451 1447 40 3504 2528 3285 2608 2865 492 1761 2670
2671 163 1474 4561 3569 1474 3911 293 4900 1295 4793 3619 4264 356 4810 4608 586 1365 3631 1468
2108 2263 3996 4577 1850 3571 4491 2930 3607 1924 198 3926 492 734 598 65 4315 817 3975 687
1346 2287 1898 1977 2372 4832 1487 3416 4809 3850 407 4686 2468 2191 1919 4597 1655 882 3887 3543
321 1605 3504 3164 1528 2436 1360 3920 3415 3832 3378 1648 1598 2139 245 4320 3785 4664 1629 2244
2627 15 2240 1289 413 2992 4556 4171 2317 4204 169 764 1546 3951 1165 3580 227 1019 971 1382
4086 3643 1272 3215 4271 247 1728 2563 2760 1598 3618 2642 3241 1834 1668 2068 2068 4426 4727 2132
4639 3961 3164 2850 719 1583 417 3180 954 2531 4855 1977 2865 1017 945 465 4230 3286 3590 3937
3295 2519 3275 3984 3305 1215 477 2393 4384 767 2858 342 413 731 2789 1827 2370 2556 728 3323
3656 3730 3475 3171 2961 922 3656 3786 1528 3048 3285 4505 3607 4710 4695 71 1462 1851 548 2951
3918 2728 1647 2249 4538 4253 3091 781 3387 1815 969 1179 2908 4538 4061 1728 169 1777 2719 1447
3158 136 1062 291 1323 2590 2205 915 4895 823 2920 825 4816 1252 1445 2437 2939 2657 1213 1574
3671 315 4324 3874 4086 1855 4648 2281 3166 2359 4245 4181 245 4758 1161 825 1949 909 3303 1868
2500 4063 712 4008 4373 780 3337 86 4447 1354 1489 4586 1817 3067 2252 2283 722 24 2939 4842
135 14 1914 4538 1312 1956 4041 1592 2205 3056 2436 4151 3596 3236 3134 4723 3554 3148 1758 4900
2861 4103 15 948 4511 1597 1415 3476 4852 3666 3425 1637 2139 2191 3603 71 2403 584 3604 506
2789 773 4323 2590 4713 2635 2436 4637 503 2652 3978 1982 561 4909 1290 2511 599 43 1416 3709
1805 3918 119 2185 3738 3548 3999 2472 4071 4110 385 397 4582 3026 242 2236 3309 1283 552 3082
518 1198 227 4829 2190 136 1548 233 3571 4373 2587 928 2926 2086 1664 644 1248 4459 3647 314
4435 889 54 4855 695 2326 4571 3120 2672 3560 119 1620 4723 4809 2855 2015 971 4538 4168 1419
1787 1597 2249 4094 642 1437 3303 3620 1428 3379 1482 1522 4793 4416 2890 1256 2425 838 2549 1040
4477 3872 40 49 3994 4451 3623 4900 139 780 2767 2926 3041 4768 73 4994 2203 2855 586 3891
2136 4363 2846 4392 4539 2010 4618 3637 1664 251 1874 223 3926 2209 4027 1897 2506 2211 1416 2000
3918 81 687 3490 823 3617 2791 2056 2 1226 3430 4182 4759 3042 838 551 449 856 454 3984
3607 3309 3075 2664 653 1787 4458 2352 1216 4855 4489 3415 4055 2436 2705 2467 827 1994 3523 238
1127 480 4363 1521 1149 1393 795 2436 4063 484 1017 4383 2465 1718 1670 321 173 3429 832 3206
2516 695 4324 3231 1169 552 4865 90 2842 3007 8 4538 617 127 207 1298 4019 3166 4144 119
3521 830 270 1402 4089 3504 371 3811 87 2709 2600 1419 1919 2603 2115 2298 4471 1438 4091 1542
4000 3681 4807 2520 417 3379 3267 795 2136 2457 491 216 247 693 2266 2696 2528 4540 3072 3869
3694 3766 2764 354 4458 3501 364 3163 1503 1386 2653 719 1842 3048 4099 3636 1842 4455 4476 2806
1438 4261 3285 4108 4758 369 3961 696 171 3739 3540 2779 1824 798 2650 3837 440 4014 3151 2365
3999 4741 4219 2693 553 4439 4543 632 2472 3171 2428 2729 363 589 3560 4362 1237 3887 396 1919
2427 250 1013 2871 825 2278 4350 678 421 3607 1972 1688 4623 4013 4581 1809 3099 257 821 1043
3918 4239 775 1803 4768 1555 2809 588 1306 737 2190 4672 3540 4146 1474 4010 4000 3550 26 3214
3656 4538 1950 3803 455 2715 4502 2867 3158 3706 4608 1973 4210 3607 2013 1481 1980 3034 1097 1465
4768 3825 2238 791 2906 394 1333 1883 2057 877 1290 1025 3697 889 3539 4464 696 2436 3333 2472
3676 686 3125 4477 1223 2782 3161 586 3874 548 4980 654 323 523 3164 1381 875 719 379 1184
1210 1067 3770 4555 3695 586 2535 3204 4103 1071 494 1608 2865 2436 2071 409 1888 2068 2068 2068
1413 3540 4392 1575 3560 1007 3099 22 2744 118 2402 1550 2368 2434 799 162 1703 2436 3512 1834
3607 3540 291 2127 3231 4948 3287 3337 3502 973 3048 4909 2531 3079 2728 1759 4849 3425 3974 3118
2657 2764 2457 1482 2430 4248 3893 2832 3811 4163 2890 36 245 4117 2573 2714 72 1850 4512 4524
4175 217 1698 4080 2310 1933 2500 143 1576 1328 3882 3502 4158 464 2465 3984 527 3618 2010 917
3808 3213 4693 173 4000 830 2693 2349 3523 3575 1598 4545 3285 506 3926 4726 3117 4438 2193 48
1603 2289 3874 552 356 2286 1270 682 3981 3285 4122 1992 41 2872 299 4848 411 2294 1584 333
3203 3596 480 687 40 417 4431 3702 454 1914 3695 2594 882 4477 2748 238 3315 841 3164 1528
1057 4827 2005 553 2596 3763 3607 4544 4108 2541 356 4614 1622 2402 2517 4855 1700 1975 1690 364
3349 4895 1564 578 2729 1312 1976 315 4000 146 3837 275 1124 795 503 3420 1366 646 2263 4582
4179 225 128 2701 2789 661 4910 111 3998 2782 2520 820 4602 2711 1376 1071 116 1261 147 3887
624 2015 48 4000 3119 4664 3380 3981 4451 2782 433 3514 2278 4714 4643 1376 4332 3134 677 4019
3148 2205 3730 1787 3977 1787 3829 738 2740 4151 4151 48 2286 503 2909 828 3887 3873 3835 4692
4858 3231 2657 1933 4357 642 2281 4401 4151 1812 2000 1188 2119 4554 2264 4767 2602 492 48 256
652 319 2851 2704 2652 2315 4633 586 1575 4075 2624 3874 1036 1896 2304 4518 440 4163 2951 261
3981 1692 4082 2937 2191 3802 1361 348 245 1508 4071 4758 450 1336 3134 719 3151 3682 4699 63
548 4324 2865 3607 2760 4377 3597 4046 1328 1179 4677 3132 518 4528 3358 3216 720 3682 4240 1840
2409 2104 4929 2951 2777 4385 3513 4903 2835 4972 3048 4051 3116 728 1594 3309 492 4053 1060 3507
3817 3961 3067 491 396 2512 245 2051 164 646 3889 1295 3044 1537 2224 624 3872 3425 340 4602
3214 4101 139 352 4508 1016 1416 3940 1175 2591 645 1793 417 1960 4507 1270 285 3319 3509 1419
1439 1914 135 3032 3550 3550 38 3873 3171 3961 84 4215 2730 4479 3887 3617 3075 15 1887 2372
1136 2851 506 2281 2633 1151 2048 4695 2108 3324 810 3899 2610 795 728 2222 2151 3043 4457 1550
4293 4163 4215 1862 4571 1475 3691 1334 1038 3348 2855 3447 3056 276 245 3728 1527 3846 3430 1677
4435 1753 3070 731 2707 4273 2205 2997 4819 3408 3933 3303 1814 1629 4316 3852 1305 3967 1691 3232
1063 245 2162 2814 1863 2370 1982 646 235 304 1416 2922 3575 3575 3926 3216 3852 4327 4363 72
2947 660 842 841 3559 2701 1026 390 2149 2760 611 1310 1624 3730 1043 2191 4288 2504 3940 889
166 2651 1180 583 1409 4924 1824 233 44 2740 2403 546 2010 863 4809 4508 404 1096 589 3020
2603 1597 653 1972 1699 4101 1981 417 2510 2213 4841 3528 4144 4711 36 2865 3462 2954 2263 3070
4758 33 4846 4942 1545 4743 2249 3843 3548 667 4227 3315 652 319 3788 3918 119 1261 1360 4564
4758 1072 3218 2306 3078 1019 1756 2349 4956 1919 4572 3869 40 3026 4350 3286 3977 2095 989 3285
3148 2851 1702 3954 737 2951 4643 4524 2414 48 4014 3776 245 446 1211 4431 2969 761 1664 1272
3387 4759 4903 73 4330 1381 356 1199 3094 4037 3153 3540 3231 3974 1409 4614 2760 1913 405 2631
2056 9 3699 99 2726 798 451 278 4123 1905 3158 2848 2915 3879 1871 40 2205 4332 262 3887
2528 936 4054 3158 4540 4405 4321 1226 867 1686 3781 173 3940 3505 3835 4981 1108 3617 799 1006
4438 9 2528 4051 4212 3744 4902 4758 3753 4976 1647 3503 4594 1603 2099 369 4449 1814 4954 1473
3918 2728 1098 604 682 1651 2223 2937 3686 3608 2970 2715 801 1860 4883 2571 3730 139 2963 3982
2013 2553 674 1339 4744 3285 152 889 4286 2792 1753 2920 1703 2191 2272 4998 1906 4666 427 632
2861 4844 2223 2536 3540 1769 1332 3234 4181 1473 395 2921 1836 1319 1442 696 3894 1598 2961 2414
2669 3593 3194 189 971 4741 4538 1795 110 390 3099 22 586 1113 4861 3271 378 4127 2790 761
1152 3469 3286 4071 4758 3548 4447 4325 39 3005 4942 588 3494 1492 3950 3494 1109 4363 3119 2679
3700 4041 4763 1918 496 3948 1226 2335 4538 4855 4115 390 2777 3977 4908 2121 1728 2258 4758 1117
1883 4273 3918 2714 4686 3666 1888 99 4502 823 245 3714 3829 1247 70 2289 1884 874 3747 3540
4245 3067 3382 2115 4273 413 4363 1946 3043 4416 2644 3521 4876 3540 3739 4271 597 3440 2915 384
2556 2889 4538 3727 2465 135 90 4055 3231 3611 4362 752 3120 823 2713 2026 2520 4528 1564 4528
3607 2527 3117 2308 2899 4071 4469 3998 3874 3164 3334 992 2368 506 1914 2657 3863 3744 949 2336
3157 3502 2764 4464 2911 4849 1597 1837 2942 3507 3848 356 1139 791 27 4719 1209 3918 4474 4289
1911 2742 3391 3878 4181 1438 441 468 1671 1597 1703 3285 3874 2519 518 2306 315 3991 1237 2657
3580 3550 1787 1680 889 4744 2628 2234 4330 250 4577 2910 1270 4982 417 2074 1199 3826 1953 631
4175 1489 3508 2509 2598 1355 1972 4346 4039 1787 3848 4215 1613 646 2915 1303 2775 1057 832 2068
3981 1040 4161 3764 4331 1740 185 1575 215 1508 1077 2084 3108 173 4480 1757 2578 3166 1758 515
3067 2610 2146 508 252 4528 4127 2890 4037 3866 183 4097 4766 751 1709 4386 2947 2943 999 173
828 2000 4081 2897 825 2092 137 1585 128 1798 3739 901 1182 3902 4037 1972 3554 4403 3785 107
3335 1804 165 233 4014 1368 754 3377 135 232 2695 4444 2572 2568 3855 4163 4545 4037 3067 646
947 4308 3918 1979 2480 3942 2182 1260 2424 4763 921 3288 2465 4658 4758 2959 1452 730 3134 3162
4243 2005 4240 1809 170 4323 4705 2832 2922 27 176 999 27 2791 220 2205 3310 1989 314 2347
838 4477 47 1428 4552 1146 1109 1645 4646 291 927 3697 31 314 4581 4421 4293 4123 4041 4471
4998 4385 3874 1226 4847 3110 4826 3863 613 4913 292 378 1319 1071 2263 1193 3889 2506 304 938
137 3306 1905 468 2205 2254 2278 948 4538 2588 1913 1612 1795 586 4596 2076 2184 1598 2713 4405
1323 235 3554 1865 4936 3489 3887 2451 2505 22 518 730 2548 3876 3171 1290 2045 1410 4360 2397
1951 2286 1892 1864 291 1750 3224 3550 2650 626 2889 4342 1626 2708 904 252 2688 4844 2286 3316
1647 1973 364 586 4508 278 3866 1870 4152 700 4464 3926 2856 2571 2185 4758 3098 4594 2149 1260
906 4600 4037 135 3747 3683 1881 3682 2372 1246 1685 118 4964 3285 3775 3831 3201 3629 2272 1191
3040 3007 963 1812 1865 2150 4856 1814 4538 1410 1997 3035 1465 1107 818 3678 506 3523 4477 1805
4276 719 1885 2974 3395 2603 3822 136 4457 4332 1202 4734 660 1522 825 4752 1758 4637 417 2802
2223 2520 408 880 1596 374 2452 2834 2014 762 3388 2 3211 983 548 2713 3786 3236 2851 2058
987 276 674 2713 4830 4021 4929 1210 4518 2510 2213 3362 1275 380 1438 646 2981 710 1884 1252
2657 99 730 1442 4763 4477 3945 3117 3075 938 3986 2653 3027 3436 4530 1866 3039 4175 1888 2451
2666 4855 4538 4582 280 3550 114 99 1000 1598 2942 4987 1938 4942 1973 3928 4615 2292 2463 2617
4998 1597 4896 1492 1965 1796 2205 567 2642 3550 2656 4942 3054 2681 725 4830 2542 968 2349 4607
1634 1151 4538 3011 4738 1858 3372 2915 3729 3976 2790 2040 4239 1104 3732 2657 669 3613 3554 1022
3498 2682 816 2042 2926 3282 961 4424 3887 15 4323 3522 841 1545 424 2887 3477 2591 968 3882
3311 3310 1664 4453 458 4552 3388 578 4323 260 1088 2191 4908 3363 3090 867 1844 1442 2511 2452
1597 934 2118 3621 3171 3117 4031 1262 578 1154 961 3514 1126 2904 4007 2890 96 4037 3414 2531
1985 4127 1226 4664 780 3887 1117 3981 2058 1837 1592 2260 4261 2545 1752 2254 2278 2897 2472 646
292 4895 399 4292 3540 1057 209 4829 4477 3090 4526 3003 4108 1136 4155 1528 1691 1139 3349 3528
2305 517 3277 3829 142 2084 930 1465 673 1096 4774 4376 4277 4152 3938 4128 2051 3048 4869 1626
4711 973 135 2478 3662 689 3232 4069 2867 245 4852 4892 3285 3272 4028 4769 559 2695 1692 2877
4607 2135 2205 2254 2278 4240 2603 867 1942 2644 2278 2904 3191 4000 1079 1319 1597 3897 2763 695
3918 2563 2068 4747 1266 173 2594 3264 3906 1612 4538 1354 4518 3277 1154 4528 2911 2748 646 3126
3918 4342 1059 2013 1678 3337 3984 1814 1209 3918 396 1594 4156 390 1766 1566 3981 4438 4652 728
3200 3798 1088 631 3285 841 4767 781 3158 565 480 4607 1091 2402 40 4869 2 1438 175 1971
1597 4718 1731 1989 183 4723 1188 196 2008 1761 2858 552 3948 1286 2 252 1651 4297 4218 2974
2452 2610 3730 2806 3099 2435 2693 2179 4415 2700 833 2865 4051 2713 3130 333 4538 3382 1673 3070
3258 3879 4175 1952 1260 2557 682 3120 4455 2135 661 3611 3502 563 3835 2410 4103 4328 1545 2
3607 4852 3183 4293 315 445 3483 3362 1758 417 1533 614 4586 4109 3786 4775 4893 90 3551 2237
3607 3998 4298 3416 4538 4276 4458 1355 2680 1664 3034 4464 4101 2462 372 1119 4055 901 606 4970
4152 4511 2520 3671 4686 235 858 3191 1946 305 1919 3637 40 3765 2532 1664 1919 1073 4000 1092
2657 3205 4930 4181 278 449 2768 2436 3123 3782 630 4626 4916 4713 2985 4714 3786 506 1682 4192
3286 163 4633 3508 1119 1837 1333 424 4998 1438 2263 3468 3601 1124 2897 534 131 1966 523 3632
4175 940 1664 775 720 4895 3611 4274 3224 1576 4607 4681 152 3507 1730 3874 3829 909 2084 2711
4175 1314 4224 4115 3685 3133 2909 3224 4758 4992 3984 2599 4516 333 1753 4921 1402 1121 2479 3630
3099 825 3015 2816 1837 753 3120 4554 3711 1949 1989 4175 4421 4171 2066 1529 1742 1595 3927 3166
623 1972 2729 2588 1121 4909 1443 111 2644 1179 4538 1758 1548 390 747 4458 1627 2545 719 154
2186 3887 2815 3247 4025 1125 1645 4421 2688 3379 594 3628 4804 4417 731 176 1287 4163 1162 1946
838 1231 529 304 4000 1548 3634 1083 1663 3926 2701 2970 4373 2368 1668 2729 3611 2036 1698 1130
2136 3924 4519 3382 4401 2265 1926 4865 3200 741 2922 3982 2128 3068 214 829 2137 1036 2865 794
3757 2610 2402 2343 4571 3013 2436 944 4743 4406 2850 2287 4871 2874 2696 2695 3887 578 3285 566
1750 2004 3550 1545 276 417 4146 2545 1370 3315 768 1378 3948 552 3834 1622 333 2554 1779 719
3616 618 835 121 2139 2610 2905 48 3041 1172 1629 3871 3679 3852 1481 3874 677 2071 929 4094
4758 781 715 3874 1563 168 4063 3890 1319 4461 790 1461 2556 3521 4350 3089 4350 3596 768 2358
3918 2545 4239 3788 3685 2535 2500 1698 2536 2519 3230 1035 284 2223 969 901 621 949 1179 4830
2457 2402 4874 1396 3575 761 4355 1036 4006 3639 2509 4359 169 611 213 841 3811 3502 2205 1031
3286 247 119 2736 278 4455 4636 1870 672 3087 3090 1339 217 4297 3425 3866 3619 297 3782 532
3628 2918 4292 2500 2843 1154 4987 856 3460 980 790 2773 2252 2041 319 3089 1650 4908 492 4266
1272 125 1099 4323 2568 4727 4508 780 4538 4070 4855 2891 1466 3512 2992 4477 4467 352 629 1179
3148 577 4736 3556 3004 534 3812 4424 3695 712 2288 1787 1798 3380 1528 2922 1222 839 4905 4686
3676 1118 1152 4227 4405 3838 2506 3811 4347 2073 823 4850 2612 2933 356 3494 4908 3943 2008 1489
2657 2960 4844 3757 644 1150 4518 4432 3865 127 682 606 3540 2359 3596 4723 1101 4994 2502 4361
4855 4496 250 1459 913 2775 3121 4727 488 4970 4760 3179 2537 4342 629 1933 2847 2507 3161 352
213 2657 4998 684 1632 4451 4747 2729 4511 983 725 586 2465 1972 1747 1787 1512 719 40 4903
2108 2748 4896 356 4464 2945 135 3828 4571 3120 3285 3849 1597 2911 4819 2945 1985 4908 636 2327
579 464 1121 2015 2465 3979 938 3206 4330 3115 4852 4533 3303 3344 3285 3984 4666 454 949 4271
1315 3503 737 1588 2942 1474 4992 1474 4877 3201 4452 586 2463 3739 3540 385 4653 2237 1342 3962
3068 2343 1383 3430 121 2846 856 3120 837 691 2789 3554 1593 4538 2046 3606 4389 3189 1671 646
2571 4013 4348 2680 2657 841 1462 2729 1673 1421 4197 2278 4181 4051 1333 951 885 4478 4274 1860
3532 2402 4293 4163 3513 4401 3378 3974 1909 3465 1624 1099 4833 2526 1865 730 4363 1184 2205 4809
441 135 2728 2401 1190 404 2368 3548 1972 1413 1408 797 1913 378 4896 3977 3384 4147 1146 1199
2752 4103 1031 4108 4752 4431 3240 252 552 4586 3601 3906 646 3826 4362 3303 3471 1097 335 2613
2146 2729 3611 2036 999 2139 3560 1550 3366 3940 629 2278 1356 1480 1209 4744 3230 3744 4930 185
4998 1946 3739 1209 2958 342 3441 3550 1851 586 2931 999 1508 4197 1413 3204 3941 2763 3200 4903
2610 2452 3213 1287 3800 246 3540 3728 1980 3580 1017 2223 2556 1121 4341 825 945 4511 1522 4181
2402 2758 420 2157 4388 4074 4014 4037 1740 4538 252 1530 1844 1881 786 1475 4667 1670 4855 1346
2278 3119 428 3292 3393 1091 504 3295 1099 342 3057 4458 778 4706 1717 2042 683 1787 4000 1980
2209 2588 2834 1688 4865 175 944 3821 1664 3395 568 4000 278 2085 1686 390 696 3739 1522 3774
1597 4544 3846 2365 4544 1858 1676 2672 2094 3133 998 2956 4550 4110 1002 1787 2113 4101 364 3206
1439 4794 3111 4704 2068 3694 3508 1431 2213 3158 4540 696 2225 4172 2274 1598 3114 2457 2894 3730
508 1403 4904 2010 3068 3554 880 718 1356 1677 4225 1290 4721 4196 180 1566 2451 4552 4571 1063
3309 1313 1576 4330 2278 1193 4284 2537 157 1785 1108 3636 1913 4108 3920 3596 3082 3352 4538 2922
882 4477 574 715 2703 2304 2074 4560 1097 2688 1054 3075 1237 825 1158 2705 4998 1438 4226 646
4175 4168 2250 38 1252 4803 4148 369 3490 1191 2128 2205 1972 2292 4342 1737 1671 4734 4447 2916
4931 3729 4727 2211 2502 319 1054 1925 467 882 1758 2084 1643 787 2298 1146 1753 3285 3984 1671
1439 548 315 4091 1855 2775 1055 3775 289 660 1419 2560 665 4026 3608 3851 857 4344 3374 4420
2657 2542 754 2237 4057 3499 1989 1237 1619 734 1992 616 689 1837 1620 1531 3448 1222 1545 1355
2627 1681 4243 347 896 4271 1708 2234 3730 1668 2693 646 1755 2208 4508 1431 4664 292 390 529
838 334 4695 2657 3268 2696 4389 3669 2502 4207 1184 1946 4401 135 2265 1252 4439 4127 814 2921
963 3729 2123 2599 1669 278 4055 3835 3386 1870 1949 48 217 1946 552 4703 40 314 1489 2340
2814 2402 1183 4163 825 327 2290 1892 278 3171 4272 1323 2058 81 2108 640 4900 1881 4264 3699
3607 1620 1629 3278 3068 1909 3613 2693 4735 2223 1306 4549 4616 1985 1271 3363 4279 1560 2422 3285
2289 3603 3618 2371 3200 4528 4127 405 152 2085 2991 1333 4499 2370 586 4596 4330 962 4371 1360
3694 4117 1623 720 881 1930 4994 2372 15 1854 3637 3169 3311 313 2911 3167 2901 4275 3918 4514
2136 2612 3887 3120 2672 721 4886 3821 2132 2926 500 2263 4616 4349 4108 2657 2644 3238 2760 2961
1438 1951 1446 2904 1306 3014 2701 4766 4477 578 896 3896 2631 1252 649 4252 1474 449 3285 3004
1143 500 2504 2947 449 3370 1085 4571 4484 1450 2391 1226 3285 2279 2074 2464 221 1251 2760 4758
2657 1327 3887 3189 3306 2054 4900 176 1069 1902 2947 4014 2225 3305 3285 3375 825 4106 4276 2558
1143 3572 527 1603 2231 2098 3267 3380 4477 2610 300 436 3848 4785 3238 2218 15 829 1362 2940
1836 4103 3550 24 3628 240 2644 2205 1199 3216 2281 3656 1385 1508 4524 2054 4900 4842 3218 445
2528 2292 4538 930 4187 4633 3769 1576 1946 734 3240 971 2416 1448 4552 3482 2148 4153 2136 2014
4293 1351 2185 629 399 4180 15 548 2983 685 4241 3284 1516 1465 1766 2719 1160 395 3846 4103
3918 586 4964 1847 2150 369 1075 4502 3920 4078 951 2046 4054 3887 1403 2166 1303 3020 2052 3225
2612 458 3782 2724 4264 3714 4180 3117 48 171 2760 3874 1677 1529 4707 3098 3443 152 4422 3160
321 4998 3169 2381 791 2333 1665 4163 4152 354 1434 2314 2951 1459 2200 4152 3984 2451 3364 2124
4006 2781 291 3588 2041 731 1365 3846 4960 1461 2760 825 2278 2436 1918 795 1863 349 1851 551
4819 4896 1268 1787 4103 22 3574 1509 4349 3451 1961 1109 3940 629 3814 1303 3502 3038 2106 998
809 4194 4063 449 130 3984 4767 1240 3084 4071 909 745 3835 3502 3075 4451 741 4218 1989 3216
3607 1109 4363 2915 3731 3489 2872 3489 1576 4392 146 94 4674 2578 1978 1664 1201 825 1952 4484
4081 3279 4769 2385 904 4363 3481 3889 3752 1360 2512 503 1184 1548 3494 4519 1657 276 2582 973
1972 3224 4062 4439 4175 1785 2281 728 1884 3829 1381 4730 4128 1226 1598 278 532 4852 4362 1858
33 4457 4181 3388 2588 4350 2695 2177 1577 3032 396 3550 3550 2846 1914 1533 3683 821 3462 1611
3286 3416 1598 3285 4103 4942 315 3823 99 3668 2236 4044 1592 1054 3075 1884 1696 267 4664 3984
1439 1629 4897 1870 2880 1971 3039 246 1648 2789 2205 2254 2278 4533 2658 4973 3732 2148 3732 4477
3920 534 4788 396 4754 2729 3137 3206 4467 2729 1416 1105 2226 1413 164 428 1435 1130 3564 642
2098 3217 2973 4318 4832 1688 2436 1085 4350 4869 3774 2436 1059 2942 2677 4695 1548 4357 2191 2599
2976 1924 3879 2335 48 4900 2445 1549 1222 4197 4197 1933 2921 1645 1736 2951 2744 3430 2729 689
2688 732 2147 1031 276 417 4528 3874 3440 1036 3540 2359 4055 4785 3442 4538 1839 396 646 8
3502 2571 4037 3602 2531 2520 1897 4846 1036 333 568 3311 1209 4081 4800 882 2897 2947 3075 1272
3097 3178 2631 3682 3981 3285 2992 2855 4973 25 825 3695 1864 1787 1898 586 4994 3089 1403 4055
513 4664 207 3981 3236 2834 1309 4763 4858 3823 109 3167 4197 4103 983 1914 801 104 616 1190
4544 2539 3224 2738 2591 2770 2504 4493 3540 2612 2140 394 3984 4942 4942 299 76 938 4349 981
1436 617 838 3430 3926 492 2599 4101 276 4759 3377 1575 3874 1545 2275 1278 2278 7 4116 2150
3694 4158 4585 1924 2769 1098 1413 4588 3066 3845 4254 796 3523 3786 2370 2372 744 3969 2095 3043
3097 527 4941 1398 1844 1972 944 4869 2779 1342 3907 2747 291 743 825 2289 2623 1703 2910 3315
3607 4494 3089 4062 779 39 4099 3849 2539 291 1360 2353 4041 403 165 3388 3103 3236 3731 390
4458 686 998 998 4202 1201 4985 4855 1336 1585 2259 2157 2557 4245 1153 833 3123 201 4972 4985
4347 2072 4362 4811 3714 3132 3279 2071 1944 223 4711 385 2616 4181 685 729 450 417 4730 4895
1605 4773 2252 3988 2361 491 2401 315 4528 2402 4874 2410 4062 2904 3103 4173 2661 1598 3786 3502
4291 364 2263 4172 4031 3352 3540 4773 4457 2737 696 2675 4874 1073 1038 3637 4057 1664 1583 4014
2680 1753 4477 838 3870 855 4028 3285 2688 2644 1757 2858 2185 4712 1812 2 792 1984 2000 2424
1834 938 1523 2497 2013 4344 855 2985 3834 838 1837 4682 2899 3126 1740 1858 2729 4606 3285 84
1742 2013 4323 2409 2777 4908 121 952 3217 3867 3230 4608 3502 2874 3084 2855 2290 3686 2554 2205
3918 4342 3874 2760 678 3180 3502 4643 4904 480 1117 4181 2523 1473 2764 4146 455 2266 4895 4626
2657 880 3502 4959 2263 245 4063 3526 522 4844 4540 2436 1930 421 896 433 3089 3590 3674 164
1059 1488 1597 4518 3728 1419 3889 4045 3550 3225 305 417 2821 1139 4373 3629 1230 2300 3502 2310
4495 163 3079 4163 178 3450 2269 252 753 3523 3984 728 4152 2246 3789 4763 3187 3523 3076 2135
449 4361 1181 2672 1664 71 245 4760 4340 2173 1862 3231 4369 206 4207 783 3120 963 2775 1780
297 209 3103 3846 1994 238 3167 858 4323 3473 694 3603 455 4357 2032 111 1778 4086 2662 356
838 1144 2224 764 2815 4051 3739 881 1839 1920 3733 2806 4178 2263 4482 3267 1528 1313 285 3253
449 1678 2284 2265 1165 4312 3801 3948 2 3430 1455 823 2911 2416 4143 901 4664 4561 2672 1731
2146 3303 4955 4929 1438 2737 3302 40 2632 417 2763 4582 1718 1888 4969 3891 3004 1858 4608 181
624 3217 2207 1201 4892 2370 1447 4985 245 4602 2058 2379 3171 3481 1124 1757 1339 2716 4737 1031
2657 39 169 3890 1386 3018 250 1814 48 4900 730 1920 1254 2591 209 3981 2436 3178 4640 2368
448 4330 2707 3362 2729 437 1545 3089 152 1272 4979 670 2128 3198 336 4954 4538 4152 3218 1146
4528 1227 697 1785 4190 3607 3020 1664 553 276 795 176 3315 446 1184 1312 3870 256 2576 3730
1324 2657 165 4562 173 1438 2237 2644 1114 3556 1144 3116 1952 1539 2872 4342 2782 4207 4930 3236
2473 4736 2237 1914 838 4518 4518 1785 3285 3607 3401 160 410 396 841 4689 3887 1548 4973 4101
87 683 1576 2139 146 4342 4218 3874 3469 2535 3646 2829 3942 2207 1992 623 1600 3024 1528 2211
4998 1946 4227 731 4000 1765 2843 4840 4660 1488 3811 2278 2013 4324 3730 1154 113 250 2047 4739
1956 139 407 12 1779 2688 4585 624 3607 4156 1098 3521 4917 2246 4419 3984 4608 2760 2108 3891
3866 404 2261 720 1209 4101 4552 2892 4389 2338 1163 3405 214 2867 48 2148 4359 15 2644 1409
4435 1684 2563 2256 3574 130 3984 3887 3695 1787 4458 3388 4975 4785 1240 4451 1617 2211 2979 297
2760 3694 2760 3076 4587 4979 4878 2715 1750 2712 506 3002 4185 1378 882 601 2108 2040 2287 3565
1597 508 2077 3200 2949 15 1913 3312 818 1430 825 3234 473 4810 844 3502 4158 403 1664 4151
4846 1750 3094 1163 3514 4227 278 1780 1930 1025 2469 1837 2408 1072 1669 1505 1321 2988 769 1671
4758 3278 2004 4855 4055 378 2119 3285 4431 2984 4456 3067 546 4106 1787 682 3507 1209 119 1949
3918 4342 2782 4127 1102 1514 409 3563 2656 185 4889 4161 365 1946 3017 2824 3256 4359 2789 2656
2238 3511 1465 2191 246 728 4720 4341 2325 526 4820 4101 396 2220 3503 669 728 3314 4207 1716
1102 3602 71 3981 1925 163 4163 1037 758 86 2584 3090 1664 2312 4637 4152 2205 1287 1152 3828
1972 1324 4830 3918 4342 1219 4051 4939 417 3134 789 2831 1835 2116 4000 597 2951 4207 4607 40
4452 3937 2402 1006 257 1757 4851 2537 3469 3676 4478 3682 4782 4009 4055 3811 680 2248 4538 683
76 4101 4855 4689 3279 3694 2343 2890 1664 780 4900 1888 4571 631 815 2640 3053 3874 2232 3083
3007 4261 642 715 3405 261 1113 4994 838 139 3125 597 356 2213 1956 3699 3739 4233 1635 3744
449 2836 2 1787 2436 3430 3540 4713 696 198 2468 1550 4613 1242 399 386 3407 2846 1856 4842
3200 669 3683 3267 3926 3960 904 2472 938 4151 3494 210 4990 586 2872 497 1450 4122 4587 3769
2903 238 2066 3166 3786 3319 3550 2610 1109 363 646 2202 4080 1688 161 4266 4637 259 2672 1225
1246 165 1769 1840 2081 1328 499 2253 1146 607 1468 3695 1111 4706 2681 4772 403 441 3743 2944
4794 2013 2430 1598 1163 1789 4805 1814 378 3775 1620 4004 163 2782 3502 3668 559 856 2465 4163
477 4175 1711 4478 4014 4677 1431 1474 4766 3494 2771 3284 4727 3869 3864 4192 278 764 1787 3313
1551 2789 3099 3730 3831 4172 4175 780 4175 1257 4268 3948 552 3187 2271 4055 2168 2402 730 4511
1169 931 1728 4261 2631 1545 1671 492 419 138 180 3540 396 4203 825 3068 4165 3825 1439 993
2610 4447 112 2402 40 4874 4348 787 1972 1914 3166 2707 2843 4656 3502 2696 3158 1209 4273 3174
75 719 1922 2591 4008 4839 1598 1176 2610 1994 2652 3502 2504 552 2472 3401 396 3831 4098 3540
376 1073 3919 2533 680 3945 4478 3474 413 173 1341 2058 4363 1785 729 4539 4426 1858 3285 3233
1210 1183 1209 1026 461 90 4607 4508 3333 152 1707 185 40 3521 40 2054 4548 417 2511 4582
