61 217 82 102 19 75 97 28 33 57 65 100 79 20 119 5 55 61 110 111
2 2 103 18 17 25 7 81 11 36 37 38 93 1 2 2 2 2 2 2
2 2 2 103 18 17 25 7 81 11 36 37 38 93 1 2 2 2 2 2
2 103 18 17 25 7 81 11 36 37 38 93 1 2 2 2 2 2 2 2
2 2 2 2 103 18 17 25 7 81 11 36 37 38 93 1 2 2 2 2
61 110 111 104 47 97 29 35 48 49 67 58 64 69 15 68 84 76 39 108
2 2 2 2 103 18 17 25 7 81 11 36 37 38 93 1 2 2 2 2
2 2 2 2 2 2 2 2 2 2 103 18 17 25 7 81 11 36 37 38
2 2 2 2 103 18 17 25 7 81 11 36 37 38 93 1 2 2 2 2
33 57 65 220 79 20 119 5 55 61 110 111 104 47 97 29 35 48 49 67
61 217 82 102 19 75 97 28 33 57 65 100 79 20 119 5 55 61 110 111
2 2 2 2 2 2 2 2 103 18 17 25 7 81 11 36 37 38 93 1
2 2 2 2 103 18 17 25 7 81 11 36 37 38 93 1 2 2 2 2
2 2 2 2 103 18 17 25 7 81 11 36 37 38 93 1 2 2 2 2
97 28 33 57 65 100 79 20 119 5 55 61 110 111 104 47 97 29 35 48
33 57 65 100 79 20 119 5 55 61 110 111 104 47 97 29 35 48 49 67
2 103 18 17 25 7 81 11 36 37 38 93 1 2 2 2 2 2 2 2
2 103 18 17 25 7 81 11 36 37 38 93 1 2 103 18 17 25 7 81
2 2 2 2 2 2 103 18 17 25 7 81 11 36 37 38 93 1 2 2
2 2 103 18 17 25 7 81 11 36 37 38 93 1 2 2 2 2 2 2
93 18 17 25 7 81 11 36 37 38 93 1 2 2 2 2 2 2 2 2
2 103 18 17 25 7 81 11 36 37 38 93 1 2 2 2 2 2 2 2
2 2 2 103 18 17 25 7 81 11 36 37 38 93 1 2 2 2 2 2
61 217 82 102 19 75 97 28 33 57 65 100 79 20 119 5 55 61 110 111
79 20 119 5 55 61 110 111 104 47 97 29 35 48 49 67 58 64 69 15
100 79 19 119 5 55 61 110 111 104 47 97 29 35 48 49 67 58 64 69
93 18 17 25 7 81 11 36 37 38 93 1 2 2 2 2 2 2 2 2
100 79 20 119 5 55 61 110 111 104 47 97 29 35 48 49 67 58 64 69
61 217 82 102 19 75 97 28 33 57 65 100 79 20 119 5 55 61 110 111
65 100 79 20 119 5 55 61 110 111 104 47 97 29 35 48 49 67 58 64
100 79 20 119 5 55 61 110 111 104 47 97 29 35 48 49 67 58 64 69
100 79 20 119 5 55 61 110 111 104 47 97 29 35 48 49 67 58 64 69
61 217 82 102 19 75 97 28 33 57 65 100 79 20 119 5 55 61 110 111
2 2 2 103 18 17 25 7 81 11 36 37 38 93 1 2 2 2 2 2
55 61 110 111 104 47 97 29 35 48 49 67 58 64 69 15 68 84 76 39
2 2 2 2 2 2 2 2 103 18 17 25 7 81 11 36 37 38 93 1
2 2 103 18 17 25 7 81 11 36 37 38 93 1 2 2 2 2 2 2
33 57 65 100 79 20 119 5 55 61 110 111 104 47 97 29 35 48 49 67
2 2 2 2 2 2 2 2 103 18 17 25 7 81 11 36 37 38 93 1
33 57 65 100 79 20 119 5 55 61 110 111 104 47 97 29 35 48 49 67
93 18 17 25 7 81 11 36 37 38 93 1 2 2 2 2 2 2 2 2
2 2 2 103 18 17 25 7 81 11 36 37 38 93 1 2 2 2 2 2
79 20 119 5 55 61 110 111 104 47 97 29 35 48 49 67 58 64 69 15
1 2 2 2 2 2 2 2 2 2 2 2 2 2 2 2 2 2 2 103
103 18 17 25 7 81 11 36 37 38 93 1 2 2 2 2 2 2 2 2
2 2 2 103 18 17 25 7 81 11 36 37 38 93 1 2 2 2 2 2
2 2 2 2 103 18 17 25 7 81 11 36 37 38 93 1 2 2 2 2
33 57 65 100 79 20 119 5 55 61 110 111 104 47 97 29 35 48 49 67
2 2 2 2 2 2 2 2 2 103 18 17 25 7 81 11 36 37 38 93
100 79 20 119 5 55 61 110 111 104 47 97 29 35 48 49 67 58 64 69
2 2 2 2 103 18 17 25 7 81 11 36 37 38 93 1 2 2 2 2
2 2 2 103 18 17 25 7 81 11 36 37 38 93 1 2 2 2 2 2
79 20 119 5 55 61 110 111 104 47 97 29 35 48 49 67 58 64 69 15
33 57 65 100 79 20 119 5 55 61 110 111 104 47 97 29 35 48 49 67
79 20 119 5 55 61 110 111 104 47 97 29 35 48 49 67 58 64 69 15
2 2 2 103 18 17 25 7 81 11 36 37 38 93 1 2 2 2 2 2
2 2 2 2 2 103 18 17 25 7 81 11 36 37 38 93 1 2 2 2
61 217 82 102 19 75 97 28 33 57 65 100 79 20 119 5 55 61 110 111
100 79 20 119 5 55 61 110 111 104 47 97 29 35 48 49 67 58 64 69
100 79 20 119 5 55 61 110 111 104 47 97 29 35 48 49 67 58 64 69
2 2 2 2 2 2 103 18 17 25 7 81 11 36 37 38 93 1 2 2
100 79 20 119 5 55 61 110 111 104 47 97 29 35 48 49 67 58 64 69
61 217 82 102 19 75 97 28 33 57 65 100 79 20 119 5 55 61 110 111
93 18 17 25 7 81 11 36 37 38 93 1 2 2 2 2 2 2 2 2
103 18 17 25 7 81 11 36 37 38 93 1 2 2 2 2 2 2 103 18
2 2 2 103 18 17 25 7 81 11 36 37 38 93 1 2 2 2 2 2
103 18 17 25 7 81 11 36 37 38 93 1 2 2 2 2 2 2 2 2
79 20 119 5 55 61 110 111 104 47 97 29 35 48 49 67 58 64 69 15
115 266 50 23 40 10 16 46 4 41 275 3 45 87 85 24 51 52 93 197
2 2 2 2 2 2 103 18 17 25 7 81 11 36 37 38 93 1 2 2
65 100 79 20 119 5 55 61 110 111 104 47 97 29 35 48 49 67 58 64
79 20 119 5 55 61 110 111 104 47 97 29 35 48 49 67 58 64 69 15
100 79 20 119 5 55 61 110 111 104 47 97 29 35 48 49 67 58 64 69
2 2 2 2 103 18 17 25 7 81 11 36 37 38 93 1 2 2 2 2
79 20 119 5 55 61 110 111 104 47 97 29 35 48 49 67 58 64 69 15
65 100 79 20 119 5 55 61 110 111 104 47 97 29 35 48 49 67 58 64
79 20 119 5 55 61 110 111 104 47 97 29 35 48 49 67 58 64 69 15
2 2 2 2 2 103 18 17 25 7 81 11 36 37 38 93 1 2 2 2
2 2 2 2 2 103 18 17 25 7 81 11 36 37 38 93 1 2 2 2
103 18 17 25 7 81 11 36 37 38 93 1 2 2 2 2 2 2 2 2
100 79 20 119 5 55 61 110 111 104 47 97 29 35 48 49 67 58 64 69
79 20 119 5 55 61 110 111 104 47 97 29 35 48 49 67 58 64 69 15
55 61 110 111 104 47 97 29 35 48 49 67 58 64 69 15 68 84 76 39
100 79 20 119 5 55 61 110 111 104 47 97 29 35 48 49 67 58 64 69
33 57 65 100 79 20 119 5 55 61 110 111 104 47 97 29 35 48 49 67
61 217 82 102 19 75 97 28 33 57 65 100 79 20 119 5 55 61 110 111
33 57 65 100 79 20 119 5 55 61 110 111 104 47 97 29 35 48 49 67
2 2 2 2 2 2 2 103 18 17 25 7 81 11 36 37 38 93 1 2
2 2 103 18 17 25 7 81 11 36 37 38 93 1 2 2 2 2 2 2
65 100 79 20 119 5 55 61 110 111 104 47 97 29 35 48 49 67 58 64
2 2 2 2 103 18 17 25 7 81 11 36 37 38 93 1 2 2 2 2
100 79 20 119 5 55 61 110 111 104 47 97 29 35 48 49 67 58 64 69
2 2 2 103 18 17 25 7 81 11 36 37 38 93 1 2 2 2 2 2
65 100 79 20 112 5 55 61 110 111 104 47 97 29 35 48 49 67 58 64
2 2 2 2 2 103 18 17 25 7 81 11 36 37 38 93 1 2 2 2
2 2 2 2 103 18 17 25 7 81 11 36 37 38 93 1 2 2 2 2
103 18 17 25 7 81 11 36 37 38 93 1 2 2 2 2 2 2 2 2
93 18 17 25 7 81 11 36 37 38 93 1 2 2 2 2 2 2 2 2
93 18 17 25 7 81 11 36 37 38 93 1 2 2 2 2 2 2 2 2
2 2 2 103 18 17 25 7 81 11 36 37 38 93 1 2 2 2 2 2
93 18 17 25 7 81 11 36 37 38 93 1 2 2 2 2 2 2 2 2
55 61 110 111 104 47 97 29 35 48 49 67 58 64 69 15 68 84 76 39
33 57 65 100 79 20 119 5 55 61 110 111 104 47 97 29 35 48 49 67
2 2 103 18 17 25 7 81 11 36 37 38 93 1 2 2 2 2 2 2
2 2 2 2 103 18 17 25 7 81 11 36 37 38 93 1 2 2 2 2
2 2 103 18 17 25 7 81 11 36 37 38 93 1 2 2 2 2 2 2
61 217 82 102 19 75 97 28 33 57 65 100 79 20 119 5 55 61 110 111
2 2 2 2 2 103 18 17 25 7 81 11 36 37 38 93 1 2 2 2
2 2 2 2 103 18 17 25 7 81 11 36 37 38 93 1 2 2 2 2
2 2 2 2 103 18 17 25 7 81 11 36 37 38 93 1 2 2 2 2
100 79 20 119 5 55 61 110 111 104 47 97 29 35 48 49 67 58 64 69
93 18 17 25 7 81 11 36 37 38 93 1 2 2 2 2 2 2 2 2
2 2 2 103 18 17 25 7 81 11 36 37 38 93 1 2 2 2 2 2
2 2 2 103 18 17 25 7 81 11 36 37 38 93 1 2 2 2 2 2
65 100 79 20 119 5 55 61 110 111 104 47 97 29 35 48 49 67 58 64
2 103 18 17 25 7 81 11 36 37 38 93 1 2 2 2 2 2 2 2
79 20 119 5 55 61 110 111 104 47 97 29 35 48 49 67 58 64 69 15
65 100 79 20 119 5 55 61 110 111 104 47 97 29 35 48 49 67 58 64
79 20 119 5 55 61 110 111 104 47 97 29 35 48 49 67 58 64 69 15
79 20 119 5 55 61 110 111 104 47 97 29 35 48 49 67 58 64 69 15
100 79 20 119 5 55 61 110 111 104 47 97 29 35 48 49 67 58 64 69
97 28 33 57 65 100 79 20 119 5 55 61 110 111 104 47 97 29 35 48
2 103 18 17 25 7 81 11 36 37 38 93 1 2 2 2 2 2 2 2
2 103 18 17 25 7 81 11 36 37 38 93 1 2 2 2 2 2 2 2
2 2 2 103 18 17 25 7 81 11 36 37 38 93 1 2 2 2 2 2
97 28 33 57 65 100 79 20 119 5 55 61 110 111 104 47 97 29 35 48
119 5 55 61 110 111 104 47 97 29 35 48 49 67 58 64 69 15 68 84
97 28 33 57 65 100 79 20 119 5 55 61 110 111 104 47 97 29 35 48
69 15 68 84 76 39 108 243 107 107 97 33 57 65 100 79 20 119 5 55
93 18 17 25 7 81 11 36 37 38 93 1 2 2 2 2 2 2 2 2
2 2 2 2 2 2 2 2 2 2 103 18 17 25 7 81 11 36 37 38
119 5 55 61 110 111 104 47 97 29 35 48 49 67 58 64 69 15 68 84
2 2 2 2 2 2 2 2 103 18 17 25 7 81 11 36 37 38 93 1
61 217 82 102 19 75 97 28 33 57 65 100 79 20 119 5 55 61 110 111
61 217 82 102 19 75 97 28 33 57 65 100 79 20 119 5 55 61 110 111
2 2 2 2 2 2 2 2 2 103 18 17 25 7 81 11 36 37 38 93
61 217 82 102 19 75 97 28 33 57 65 100 79 20 119 5 55 61 110 111
55 61 110 111 104 47 97 29 35 48 49 67 58 64 69 15 68 84 76 39
33 57 65 100 79 20 119 5 55 61 110 111 104 47 97 29 35 48 49 67
2 103 18 17 25 7 81 11 36 37 38 93 1 2 2 2 2 2 2 2
55 61 110 111 104 47 97 29 35 48 49 67 58 64 69 15 68 84 76 39
100 79 20 119 5 55 61 110 111 104 47 97 29 35 48 49 67 58 64 69
2 2 2 103 18 17 25 7 81 11 36 37 38 93 1 2 2 2 2 2
2 103 18 17 25 7 81 11 36 37 38 93 1 2 2 2 2 2 2 2
119 5 55 61 110 111 104 47 97 29 35 48 49 67 58 64 69 15 68 84
2 2 2 103 18 17 25 7 81 11 36 37 38 93 1 2 2 2 2 2
103 18 17 25 7 81 11 36 37 38 93 1 2 2 2 2 2 2 2 2
2 2 2 2 2 103 18 17 25 7 81 11 36 37 38 93 1 2 2 2
2 2 2 2 2 2 2 103 18 17 25 7 81 11 36 37 38 93 1 2
61 217 82 102 19 75 97 28 33 57 65 100 79 20 119 5 55 61 110 111
2 2 2 2 2 2 2 103 18 17 25 7 81 11 36 37 38 93 1 2
93 18 17 25 7 81 11 36 37 38 93 1 2 2 2 2 2 2 2 2
2 2 103 18 17 25 7 81 11 36 37 38 93 1 2 2 2 2 2 2
2 93 18 17 25 7 81 11 36 37 38 93 1 2 2 2 2 2 2 2
119 5 55 61 110 111 104 47 97 29 35 48 49 67 58 64 69 15 68 84
55 61 110 111 104 47 97 29 35 48 49 67 58 64 69 15 68 84 76 39
55 61 110 111 104 47 97 29 35 48 49 67 58 64 69 15 68 84 76 39
93 18 17 25 7 81 11 36 37 38 93 1 2 2 2 2 2 2 2 2
79 20 119 5 55 61 110 111 104 47 97 29 35 48 49 67 58 64 69 15
2 2 2 2 103 18 17 25 7 81 11 36 37 38 93 1 2 2 2 2
104 47 97 29 35 48 49 67 58 64 61 110 111 104 83 109 19 1 2 2
2 2 2 103 18 17 25 7 81 11 36 37 38 93 1 2 2 2 2 2
55 61 110 111 104 47 97 29 35 48 49 67 58 64 69 15 68 84 76 39
2 2 2 103 18 17 25 7 81 11 36 37 38 93 1 2 2 2 2 2
33 57 65 100 79 20 119 5 55 61 110 111 104 47 97 29 35 48 49 67
33 57 65 100 79 20 119 5 55 61 110 111 104 47 97 29 35 48 49 67
100 79 20 119 5 55 61 110 111 104 47 97 29 35 48 49 67 58 64 69
65 100 79 20 119 5 55 61 110 111 104 47 97 29 35 48 49 67 58 64
103 18 17 25 7 81 11 36 37 38 93 1 2 2 2 2 2 2 2 2
33 57 65 100 79 20 119 5 55 61 110 111 104 47 97 29 35 48 49 67
103 18 17 25 7 81 11 36 37 38 93 1 2 2 2 2 2 2 2 2
33 57 65 100 79 20 119 5 55 61 110 111 104 47 97 29 35 48 49 67
2 2 2 2 2 2 2 103 18 17 25 7 81 11 36 37 38 93 1 2
2 103 18 17 25 7 81 11 36 37 38 93 1 2 2 2 2 2 2 2
2 2 2 103 18 17 25 7 81 11 36 37 38 93 1 2 2 2 2 2
1 2 2 2 2 2 103 18 17 25 7 81 11 36 37 38 93 1 2 2
65 100 79 20 119 5 55 61 110 111 104 47 97 29 35 48 49 67 58 64
2 2 2 103 18 17 25 7 81 11 36 37 38 93 1 2 2 2 2 2
79 20 119 5 55 61 110 111 104 47 97 29 35 48 49 67 58 64 69 15
33 57 65 100 79 20 119 5 55 61 110 111 104 47 97 29 35 48 49 67
2 93 18 17 25 7 81 11 36 37 38 93 1 2 2 2 2 2 2 2
55 61 110 111 104 47 97 29 35 48 49 67 58 64 69 15 68 84 76 39
103 18 17 25 7 81 11 36 37 38 93 1 2 2 2 2 2 2 2 2
2 2 2 103 18 17 25 7 81 11 36 37 38 93 1 2 2 2 2 2
2 2 103 18 17 25 7 81 11 36 37 38 93 1 2 2 2 2 2 2
2 2 2 2 2 2 2 103 18 17 25 7 81 11 36 37 38 93 1 2
2 2 2 2 2 103 18 17 25 7 81 11 36 37 38 93 1 2 2 2
55 61 110 111 104 47 97 29 35 48 49 67 58 64 69 15 68 84 76 39
61 217 82 102 19 75 97 28 33 57 65 100 79 20 119 5 55 61 110 111
2 2 2 2 2 2 103 18 17 25 7 81 11 36 37 38 93 1 2 2
2 103 18 17 25 7 81 11 36 37 38 93 1 2 2 2 2 2 2 2
119 5 55 61 110 111 104 47 97 29 35 48 49 67 58 64 69 15 68 84
2 2 103 18 17 25 7 81 11 36 37 38 93 1 2 2 2 2 2 2
119 5 55 61 110 111 104 47 97 29 35 48 49 67 58 64 69 29 35 48
79 20 119 5 55 61 110 111 104 47 97 29 35 2 2 2 2 2 2 2
102 19 75 97 28 33 57 65 100 79 20 119 5 55 61 110 111 104 47 97
104 83 109 65 100 79 20 119 5 55 61 110 111 104 47 97 29 35 48 49
2 2 2 2 103 18 17 25 7 81 11 36 37 38 93 1 2 2 2 2
61 217 82 102 19 75 97 28 33 57 65 100 79 20 119 5 55 61 110 111
93 18 17 25 7 81 11 36 37 38 93 1 2 2 2 2 2 2 2 2
103 18 17 25 7 81 11 36 37 38 93 1 2 2 2 2 2 2 2 2
2 103 18 17 25 7 81 11 36 37 38 93 1 2 2 2 2 2 2 103
93 18 17 25 7 81 11 36 37 38 93 1 2 2 103 19 1 2 2 2
83 109 19 1 2 2 2 2 2 2 2 2 2 2 2 2 2 2 103 18
79 20 119 5 55 61 110 111 104 47 97 29 35 48 49 67 58 64 69 15
2 2 2 2 2 103 18 17 25 7 81 11 36 37 38 93 1 2 2 2
2 2 2 103 18 17 25 7 81 11 36 37 38 93 1 2 2 2 2 2
100 79 20 119 5 55 61 110 111 104 47 97 29 35 48 49 67 58 64 69
2 2 2 103 18 17 25 7 81 11 36 37 38 93 1 2 2 2 2 2
100 79 20 119 5 55 61 110 111 104 47 97 29 35 48 49 67 58 64 69
2 103 18 17 25 7 81 11 36 37 38 93 1 2 2 2 2 2 2 2
103 18 17 25 7 81 11 36 37 38 93 1 2 2 2 2 2 2 2 2
2 2 2 2 103 18 17 25 7 81 11 36 37 38 93 1 2 2 2 2
93 18 17 25 7 81 11 36 37 38 93 1 2 2 2 2 2 2 2 2
65 100 79 20 119 5 55 61 110 111 104 47 97 29 35 48 49 67 58 64
2 2 2 2 103 18 17 25 7 81 11 36 37 38 93 1 2 2 2 2
2 2 2 2 2 2 2 2 103 18 17 25 7 81 11 36 37 38 93 1
55 61 110 111 104 47 97 29 35 48 49 67 58 64 69 15 68 84 76 39
61 217 82 102 19 75 97 28 33 57 65 100 79 20 119 5 55 61 110 111
93 18 17 25 7 81 11 36 37 38 93 1 2 2 2 2 2 2 2 2
119 5 55 61 110 111 104 47 97 29 35 48 49 67 58 64 69 15 68 84
61 217 82 102 19 75 97 28 33 57 65 100 79 20 119 5 55 61 110 111
2 2 2 2 103 18 17 25 7 81 11 36 37 38 93 1 2 2 2 2
33 57 65 100 79 20 119 5 55 61 110 111 104 47 97 29 35 48 49 67
2 2 103 18 17 25 7 81 11 36 37 38 93 1 2 2 2 2 2 2
2 2 2 2 103 18 17 25 7 81 11 36 37 38 93 1 2 2 2 2
61 217 82 102 19 75 97 28 33 57 65 100 79 20 119 5 55 61 110 111
61 217 82 102 19 75 97 28 33 57 65 100 79 20 119 5 55 61 110 111
2 103 18 17 25 7 81 11 36 37 38 93 1 2 2 2 2 2 2 2
100 79 20 119 5 55 61 110 111 104 47 97 29 35 48 49 67 58 64 69
61 217 82 102 19 75 97 28 33 57 65 100 79 20 119 5 55 61 110 111
33 57 65 100 79 20 119 5 55 61 110 111 104 47 97 29 35 48 49 67
2 2 2 103 18 17 25 7 81 11 36 37 38 93 1 2 2 2 2 2
55 61 110 111 104 61 110 111 104 47 97 29 35 48 49 67 58 64 69 15
100 79 20 119 5 55 61 110 111 104 47 97 29 35 48 49 67 58 64 69
2 2 2 103 18 17 25 7 81 11 36 37 38 93 1 2 2 2 2 2
119 5 55 61 110 111 104 47 97 29 35 48 49 67 58 64 69 15 68 84
2 2 2 2 2 2 2 2 103 18 17 25 7 81 11 36 37 38 93 1
119 5 55 61 110 111 104 47 97 29 35 48 49 67 58 64 69 15 68 84
2 2 2 2 2 2 2 2 103 18 17 25 7 81 11 36 37 38 93 1
2 2 2 2 2 2 2 2 103 18 17 25 7 81 11 36 37 38 93 1
119 5 55 61 110 111 104 47 97 29 35 48 49 67 58 64 69 15 68 84
2 2 2 2 2 103 18 17 25 7 81 11 36 37 38 93 1 2 2 2
100 79 20 119 5 55 61 110 111 104 47 97 29 35 48 49 67 58 64 69
33 57 65 100 79 20 119 5 55 61 110 111 104 47 97 29 35 48 49 67
100 79 20 119 5 55 61 110 111 104 47 97 29 35 48 49 67 58 64 69
2 103 18 17 25 7 81 11 36 37 38 93 1 2 2 2 2 2 2 2
2 103 18 17 25 7 81 11 36 37 38 93 1 2 2 2 2 2 2 2
97 28 33 57 65 100 79 20 119 5 55 61 110 111 104 47 97 29 35 48
33 57 65 100 79 20 119 5 55 61 110 111 104 47 97 29 35 48 49 67
2 2 2 2 2 103 18 17 25 7 81 11 36 37 38 93 1 2 2 2
2 2 55 61 110 111 104 47 97 29 35 48 49 67 58 64 69 15 68 84
2 2 2 2 103 18 17 25 7 81 11 36 37 38 93 1 2 2 2 2
103 18 17 25 7 81 11 36 37 38 93 1 2 2 2 2 2 2 2 2
119 5 55 61 110 111 104 47 97 29 35 48 49 67 58 64 69 15 68 84
93 18 17 25 7 81 11 36 37 38 93 1 2 2 2 2 2 2 2 2
2 2 2 2 2 2 2 2 2 2 103 18 17 25 7 81 11 36 37 38
2 2 2 2 2 2 103 18 17 25 7 81 11 36 37 38 93 1 2 2
2 2 2 2 2 2 2 103 18 17 25 7 81 11 36 37 38 93 1 2
55 61 110 111 104 47 97 29 35 48 49 67 58 64 69 15 68 84 76 39
100 79 20 119 5 55 61 110 111 104 47 97 29 35 48 49 67 58 64 69
100 79 20 119 5 55 61 110 111 104 47 97 29 35 48 49 67 58 64 69
61 217 82 102 19 75 97 28 33 57 65 100 79 20 119 5 55 61 110 111
103 18 17 25 7 81 11 36 37 38 93 1 2 2 2 2 2 2 2 2
119 5 55 61 110 111 104 47 97 29 35 48 49 67 58 64 69 15 68 84
2 2 2 2 2 2 2 2 103 18 17 25 7 81 11 36 37 38 93 1
100 79 20 119 5 55 61 110 111 104 47 97 29 35 48 49 67 58 64 69
65 100 79 20 119 5 55 61 110 111 104 47 97 29 35 48 49 67 58 64
97 28 33 57 65 100 79 20 119 5 55 61 110 111 104 47 97 29 35 48
97 28 33 57 65 100 79 20 119 5 55 61 110 111 104 47 97 29 35 48
93 18 17 25 7 81 11 36 37 38 93 1 2 2 2 2 2 2 2 2
2 2 2 2 2 2 2 2 2 2 2 103 18 17 25 7 81 11 36 37
2 2 103 18 17 25 7 81 11 36 37 38 93 1 2 2 2 2 2 2
2 2 2 103 18 17 25 7 81 11 36 37 38 93 1 2 2 2 2 2
100 79 20 119 5 55 61 110 111 104 47 97 29 35 48 49 67 58 64 69
79 20 119 5 55 61 110 111 104 47 97 29 35 48 49 67 58 64 69 15
2 2 2 2 103 18 17 25 7 81 11 36 37 38 93 1 2 2 2 2
100 79 20 119 5 55 61 110 111 104 47 97 29 35 48 49 67 58 64 69
1 2 2 2 2 2 2 2 2 2 2 2 2 2 2 2 2 2 2 2
61 217 82 102 19 75 97 28 33 57 65 100 79 20 119 5 55 61 110 111
55 61 110 111 104 47 97 29 35 48 49 67 58 64 69 15 93 18 17 25
2 2 2 2 2 2 2 103 18 17 25 7 81 11 36 37 38 93 1 2
2 2 2 103 18 17 25 7 81 11 36 37 38 93 1 2 103 18 17 25
61 217 82 102 19 75 97 28 33 57 65 100 79 20 119 5 55 61 110 111
55 61 110 111 104 47 97 29 35 48 49 67 58 64 69 15 68 84 76 39
2 103 18 17 25 7 81 11 36 37 38 93 1 2 2 2 2 2 2 2
2 2 2 2 2 103 18 17 25 7 81 11 36 37 38 93 1 2 2 2
2 103 18 17 25 7 81 11 36 37 38 93 1 2 2 2 2 2 2 2
65 100 79 20 119 5 55 61 110 111 104 47 97 29 35 48 49 67 58 64
79 20 119 5 55 61 110 111 104 47 97 29 35 48 49 67 58 64 69 15
93 18 17 25 7 81 11 36 37 38 93 1 2 2 2 2 2 2 2 2
61 217 82 102 19 75 97 28 33 57 65 100 79 20 119 5 55 61 110 111
97 28 33 57 65 100 79 20 119 5 55 61 110 111 104 47 97 29 35 48
2 2 2 2 2 2 103 18 17 25 7 81 11 36 37 38 93 1 2 2
2 2 2 2 2 2 2 2 2 103 18 17 25 7 81 11 36 37 38 93
2 2 2 2 103 18 17 25 7 81 11 36 37 38 93 1 2 2 2 2
2 2 2 103 18 17 25 7 81 11 36 37 38 93 1 2 2 2 2 2
2 2 2 103 18 17 25 7 81 11 36 37 38 93 1 2 2 2 2 2
55 61 110 111 104 47 97 29 35 48 49 67 58 64 69 15 68 84 76 39
55 61 110 111 104 47 97 29 35 48 49 67 58 64 69 15 68 84 76 39
100 79 20 119 5 55 61 110 111 104 47 97 29 35 48 49 67 58 64 69
97 28 33 57 65 100 79 20 119 5 55 61 110 111 104 47 97 29 35 48
97 28 33 57 65 100 79 20 119 5 55 61 110 111 104 47 97 29 35 48
119 5 55 61 110 111 104 47 97 29 35 48 49 67 58 64 69 15 68 84
33 57 65 100 79 20 119 5 55 61 110 111 104 47 97 29 35 48 49 67
103 18 17 25 7 81 11 36 37 38 93 1 2 2 2 2 2 2 2 2
2 2 2 103 18 17 25 7 81 11 36 37 38 93 1 2 2 2 2 2
61 217 82 102 19 75 97 28 33 57 65 100 79 20 119 5 55 61 110 111
2 2 2 103 18 17 25 7 81 11 36 37 38 93 1 2 2 2 2 2
79 20 119 5 55 61 110 111 104 47 97 29 35 48 49 67 58 64 69 15
119 5 55 61 110 111 104 47 97 29 35 48 49 67 58 64 69 15 68 84
79 20 119 5 55 61 110 111 104 47 97 97 29 35 48 49 67 58 64 69
103 18 17 25 7 81 11 36 37 38 93 1 2 2 2 2 2 2 2 2
100 79 20 119 5 55 61 110 111 104 47 97 29 35 48 49 67 58 64 69
100 79 20 119 5 55 61 110 111 104 47 97 29 35 48 49 67 58 64 69
2 2 2 2 2 2 2 2 2 103 18 17 25 7 81 11 36 37 38 93
2 2 2 2 103 2 2 2 2 2 2 2 2 2 2 103 18 17 25 7
55 61 110 111 104 47 97 29 35 48 49 67 58 64 69 15 68 84 76 39
33 57 65 100 79 20 119 5 55 61 110 111 104 47 97 29 35 48 49 67
100 79 20 119 5 55 61 110 111 104 47 97 29 35 48 49 67 58 64 69
100 79 20 119 5 55 61 110 111 104 47 97 29 35 48 49 67 58 64 69
2 2 2 2 2 103 18 17 25 7 81 11 36 37 38 93 1 2 2 2
103 18 17 25 7 81 11 36 37 38 93 1 2 2 2 2 2 2 2 2
2 2 103 18 17 25 7 81 11 36 37 38 93 1 2 2 2 2 2 2
2 103 18 17 25 7 81 11 36 37 38 93 1 2 2 2 2 2 2 2
2 2 2 2 2 2 2 103 18 17 25 7 81 11 36 37 38 93 1 2
55 61 110 111 104 47 97 29 35 48 49 67 58 64 69 15 68 84 76 39
119 5 55 61 110 111 104 47 97 29 35 48 49 67 58 64 69 15 68 84
2 2 2 2 2 2 2 103 18 17 25 7 81 11 36 37 38 93 1 2
119 5 55 61 110 111 104 47 97 29 35 48 49 67 58 64 69 15 68 84
2 2 103 18 17 25 7 81 11 36 37 38 93 1 2 2 2 2 49 67
2 2 2 2 103 18 17 25 7 81 11 36 37 38 93 1 2 2 2 2
100 79 20 119 5 55 61 110 111 104 47 97 29 35 48 49 67 58 64 69
2 2 2 2 2 2 2 2 2 103 18 17 25 7 81 11 36 37 38 93
2 2 2 2 2 2 2 103 18 17 25 7 81 11 36 37 38 93 33 57
119 5 55 61 110 111 104 47 97 29 35 48 49 67 58 64 69 15 68 84
103 18 17 25 7 81 11 36 37 38 93 1 2 2 2 2 2 2 2 2
2 2 2 2 103 18 17 25 7 81 11 36 37 38 93 1 2 2 2 2
33 57 65 100 79 20 119 5 55 61 110 111 104 47 97 29 35 48 49 67
2 2 2 103 18 17 25 7 81 11 36 37 38 93 1 2 2 2 2 2
100 79 20 119 5 55 61 110 111 104 47 97 29 35 48 49 67 58 64 69
46 4 41 275 3 45 87 85 24 51 52 93 197 14 91 29 35 48 49 67
93 18 17 25 7 81 11 36 37 38 93 1 2 2 2 2 2 2 2 2
61 217 82 102 19 75 97 28 33 57 65 100 79 20 119 5 55 61 110 111
2 103 18 17 25 7 81 11 36 37 38 93 1 2 2 2 2 2 2 2
119 5 55 61 110 111 104 47 97 29 35 48 49 67 58 64 69 15 55 61
119 5 55 61 110 111 104 47 97 29 35 48 49 67 58 64 69 15 68 84
100 79 20 119 5 55 61 110 111 104 47 97 29 35 48 49 67 58 64 69
79 20 119 5 55 61 110 111 104 47 97 29 35 48 49 67 58 64 69 15
97 28 33 57 65 100 79 20 119 5 55 61 110 111 104 47 97 29 35 48
2 2 103 18 17 25 7 81 11 36 37 38 93 1 2 2 2 2 2 2
119 5 55 61 110 111 104 47 97 29 35 48 49 67 58 64 69 15 68 84
2 2 2 2 2 103 18 17 25 7 81 11 36 37 38 93 1 2 2 2
2 2 2 2 2 2 103 18 17 25 7 81 11 36 37 38 93 1 2 2
100 79 20 119 5 55 61 110 111 104 47 97 29 35 48 49 67 58 64 69
2 2 103 18 17 25 7 81 11 36 37 38 93 1 2 2 2 2 2 2
2 103 18 17 25 7 81 11 36 37 38 93 1 2 2 2 2 2 2 2
2 103 18 17 25 7 81 11 36 37 38 93 1 2 2 2 2 2 2 2
103 18 17 25 7 81 11 36 37 38 93 1 2 2 2 2 2 2 2 2
2 2 2 2 103 18 17 25 7 81 11 36 37 38 93 1 2 2 2 2
93 18 17 25 7 81 11 36 37 38 93 1 2 2 2 2 2 2 2 2
2 2 2 2 2 103 18 17 25 7 81 11 36 37 38 93 1 2 2 2
119 5 55 61 110 111 104 47 97 29 35 48 49 67 58 64 69 15 68 84
93 18 17 25 7 81 11 36 37 38 93 1 2 2 2 2 2 2 2 2
119 5 55 61 110 111 104 47 97 29 35 48 49 67 58 64 69 15 68 84
61 217 82 102 19 75 97 28 33 57 65 100 79 20 119 5 55 61 110 111
2 103 18 17 25 7 81 11 36 37 38 93 1 2 2 2 2 2 2 2
55 61 110 111 104 47 97 29 35 48 49 67 58 64 69 15 68 84 76 39
55 61 110 111 104 47 97 29 35 48 49 67 58 64 69 15 68 84 76 39
33 57 65 100 79 20 119 5 55 61 110 111 104 47 97 29 35 48 49 67
2 103 18 17 25 7 81 11 36 37 38 93 1 2 2 2 2 2 2 2
2 2 2 2 103 18 17 25 7 81 11 36 37 38 93 1 2 2 2 2
79 20 119 5 55 61 110 111 104 47 97 29 35 48 49 67 58 64 69 15
33 57 65 100 79 20 119 5 55 61 110 111 104 47 97 29 35 48 49 67
100 79 20 119 5 55 61 110 111 104 47 97 29 35 48 49 67 58 64 69
2 103 18 17 25 7 81 11 36 37 38 93 1 2 2 2 2 2 2 2
2 2 2 2 2 2 2 2 103 18 17 25 7 81 11 36 37 38 93 1
2 2 103 18 17 25 7 81 11 36 37 38 93 1 2 2 2 2 2 2
2 2 2 2 2 2 2 2 2 2 103 18 17 25 7 81 11 36 37 38
2 2 2 2 2 103 18 17 25 7 81 11 36 37 38 93 1 2 2 2
1 2 2 2 2 2 2 2 2 2 2 2 2 2 2 2 2 2 103 18
100 79 20 119 5 55 61 110 111 104 47 97 29 35 48 49 67 58 64 69
2 2 2 2 2 103 18 17 25 7 81 11 36 37 38 93 1 2 2 2
2 2 2 2 2 2 103 18 17 25 7 81 11 36 37 38 93 1 2 2
2 2 2 2 2 2 103 18 17 25 7 81 11 36 37 38 93 1 2 2
33 57 65 100 79 20 119 5 55 61 110 111 104 47 97 29 35 48 49 67
100 79 20 119 5 55 61 110 111 104 47 97 29 35 48 49 67 58 64 69
20 119 5 55 61 110 111 104 47 97 29 35 48 49 67 58 64 69 15 68
2 2 103 18 17 25 7 81 11 36 37 38 93 1 2 2 2 103 18 17
2 2 103 18 17 25 7 81 11 36 37 38 93 1 2 2 2 2 2 2
2 2 2 2 2 2 2 103 18 17 25 7 81 11 36 37 38 93 1 2
2 2 2 103 18 17 25 7 81 11 36 37 38 93 1 2 2 2 2 2
100 79 20 119 5 55 61 110 111 104 47 97 29 35 48 49 67 58 64 69
2 2 2 2 2 2 103 18 17 25 7 81 11 36 37 38 93 1 2 2
2 2 2 2 2 2 2 2 2 2 2 2 103 18 17 25 7 81 11 36
2 2 103 18 17 25 7 81 11 36 37 38 93 1 2 2 2 2 2 2
103 18 17 25 7 81 11 36 37 38 93 1 2 2 2 2 2 2 2 2
2 2 2 2 2 103 18 17 25 7 81 11 36 37 38 93 1 2 2 2
2 2 2 2 2 2 2 2 2 2 2 2 2 103 18 17 25 7 81 11
2 2 2 2 2 2 2 2 2 103 18 17 25 7 81 11 36 37 38 93
2 2 2 2 2 103 18 17 25 7 81 11 36 37 38 93 1 2 2 2
2 2 2 2 103 18 17 25 7 81 11 36 37 38 93 1 2 2 2 2
2 2 103 18 17 25 7 81 11 36 37 38 93 1 2 2 2 2 2 2
61 217 82 102 19 75 97 28 33 57 65 100 79 20 119 5 55 61 110 111
100 79 20 119 5 55 61 110 111 104 47 97 29 35 48 49 67 58 64 69
79 20 119 5 55 61 110 111 104 47 97 29 35 48 49 67 58 64 69 15
2 2 2 2 2 2 2 2 103 18 17 25 7 81 11 36 37 38 93 1
33 57 65 100 79 20 119 5 55 61 110 111 104 47 97 29 35 48 49 67
65 100 79 20 119 5 55 61 110 111 104 47 97 29 35 48 49 67 58 64
2 2 2 2 2 2 2 103 18 17 25 7 81 11 36 37 38 93 1 2
100 79 20 119 5 55 61 110 111 104 47 97 29 35 48 49 67 58 64 69
2 2 2 2 103 18 17 25 7 81 11 36 37 38 93 1 2 2 2 2
2 2 2 2 2 2 2 103 18 17 25 7 81 11 36 37 38 93 1 2
2 2 2 2 2 103 18 17 25 7 81 11 36 37 38 93 1 2 2 2
7 81 11 36 37 38 93 1 2 2 2 2 2 2 2 2 2 2 2 103
103 18 17 25 7 81 11 36 37 38 93 1 2 2 2 2 2 2 2 2
33 57 65 100 79 20 119 5 55 61 110 111 104 47 97 29 35 48 49 67
93 18 17 25 7 81 11 36 37 38 93 1 2 2 2 2 2 2 2 2
103 18 17 25 7 81 11 36 37 38 93 1 2 2 2 2 2 2 2 2
65 100 79 20 119 5 55 61 110 111 104 47 97 29 35 48 49 67 58 64
2 103 18 17 25 7 81 11 36 37 38 93 1 2 2 2 2 2 2 2
61 217 82 102 19 75 97 28 33 57 65 100 79 20 119 5 55 61 110 111
103 18 17 25 7 81 11 36 37 38 93 1 2 2 2 2 2 2 2 2
119 5 55 61 110 111 104 47 97 29 35 48 49 67 58 64 69 15 68 84
100 79 20 173 5 55 61 110 111 104 47 97 29 35 48 49 67 58 64 69
2 2 2 2 2 2 2 103 18 17 25 7 81 11 36 37 38 93 1 2
2 2 2 2 2 2 2 103 18 17 25 7 81 11 36 37 38 93 1 2
61 217 82 102 19 75 97 28 33 57 65 100 79 20 119 5 55 61 110 111
2 2 2 2 103 18 17 25 7 81 11 36 37 38 93 1 2 2 2 2
2 2 2 2 2 2 103 18 17 25 7 81 11 36 37 38 93 1 2 2
2 103 18 17 25 7 81 11 36 37 38 93 1 2 2 2 2 2 2 2
79 20 119 5 55 61 110 111 104 47 97 29 35 48 49 67 58 64 69 15
33 57 65 100 79 20 119 5 55 61 110 111 104 47 97 29 35 48 49 67
61 217 82 102 19 75 97 28 33 57 65 100 79 20 119 5 55 61 110 111
61 217 82 102 19 75 97 28 33 57 65 100 79 20 119 5 55 61 110 111
100 79 20 119 5 55 61 110 111 104 47 97 29 35 48 49 67 58 64 69
2 103 18 17 25 7 81 11 36 37 38 93 1 2 2 2 2 2 2 2
61 217 82 102 19 75 97 28 33 57 65 100 79 20 119 5 55 61 110 111
119 5 55 61 110 111 104 47 97 29 35 48 49 67 58 64 69 15 68 84
2 2 2 2 103 18 17 25 7 81 11 36 37 38 93 1 2 2 2 2
61 217 82 102 19 75 97 28 33 57 65 100 79 20 119 5 55 61 110 111
93 18 17 25 7 81 11 36 37 38 93 1 2 2 2 2 2 2 2 2
79 20 119 5 55 61 110 111 104 47 97 29 35 48 49 67 58 64 69 15
2 2 2 103 18 17 25 7 81 11 36 37 38 93 1 2 2 2 2 2
1 2 2 2 2 2 100 79 20 119 5 55 61 110 111 104 47 97 29 35
100 79 20 119 5 55 61 110 111 104 47 97 29 35 48 49 67 58 64 69
65 100 79 20 119 5 55 61 110 111 104 47 97 29 35 48 49 67 58 64
2 2 103 18 17 25 7 81 11 36 37 38 93 1 2 2 2 2 2 2
