27 22 9 12 10 23 9 11 17 29 21 13 4 19 32 28 20 26 34 28
43 59 51 53 45 46 48 50 54 58 123 35 25 3 8 16 5 0 1 2
59 51 53 45 46 48 49 54 58 51 110 35 25 3 8 16 5 0 1 2
15 27 22 9 12 10 23 9 11 17 29 21 13 4 19 32 28 20 26 34
27 22 9 12 10 23 9 11 17 29 21 13 4 19 32 28 20 26 34 28
22 9 100 65 37 31 39 41 40 97 98 17 29 21 13 55 58 4 19 32
27 22 9 12 10 23 9 11 17 29 21 13 4 19 32 28 20 26 34 28
23 51 9 11 17 29 20 68 92 75 38 24 6 18 32 28 20 26 30 37
22 9 12 10 23 9 11 17 29 21 13 4 19 32 28 20 26 34 28 20
7 15 27 22 9 100 65 37 31 39 41 40 97 98 17 29 21 13 55 58
8 16 91 77 84 82 14 7 15 27 22 9 12 10 23 9 11 17 29 21
3 8 16 5 0 1 2 14 7 15 27 22 9 12 10 23 51 9 11 17
46 48 49 112 104 66 40 83 54 58 51 79 86 41 40 61 35 25 3 8
11 17 29 21 13 4 19 32 28 20 26 34 28 20 26 34 28 20 26 34
48 49 42 44 47 49 56 58 52 116 35 25 3 8 16 5 0 1 2 14
14 7 15 27 22 9 12 10 23 53 58 51 9 11 17 29 21 13 4 19
48 50 54 58 52 113 35 25 3 8 16 5 0 1 2 14 7 15 27 22
58 85 44 45 122 45 46 48 50 55 58 111 35 25 3 8 16 5 0 1
73 76 20 26 27 22 9 12 10 23 9 11 17 29 21 13 4 19 32 28
2 14 7 15 27 22 9 12 10 23 9 11 17 29 21 13 4 19 32 28
58 51 9 11 17 29 21 13 4 19 32 28 20 26 34 28 20 26 34 28
7 15 27 22 9 12 10 23 9 11 17 29 21 13 4 19 32 28 20 26
2 14 7 15 27 22 9 67 99 37 31 39 41 40 94 102 17 29 21 13
12 10 23 9 11 17 29 21 13 4 19 32 28 20 26 34 28 20 26 34
1 2 14 7 15 27 22 9 103 95 37 31 58 60 53 71 63 17 29 78
7 15 27 22 9 12 10 23 9 11 17 29 21 13 4 19 32 28 20 26
3 8 16 5 0 1 2 14 7 15 27 22 9 100 65 37 31 39 41 40
126 57 35 25 3 8 16 5 0 1 2 14 7 15 27 22 9 67 99 37
58 51 121 35 25 3 8 16 5 0 1 2 14 7 15 27 22 9 12 10
58 125 57 35 25 3 8 16 5 0 1 2 14 7 15 27 22 9 12 10
5 0 1 2 14 7 15 27 22 9 12 10 23 9 11 17 29 21 13 4
41 40 97 98 17 29 21 13 55 58 4 19 32 28 20 26 30 37 31 39
17 29 21 13 4 19 32 28 20 26 34 28 20 26 34 28 20 26 33 36
29 21 13 4 19 32 28 20 26 34 28 54 58 20 26 34 28 20 26 33
59 53 51 45 46 48 50 54 58 124 35 25 3 8 16 5 0 1 2 14
3 8 16 5 0 1 2 14 7 15 27 22 9 12 10 23 9 11 17 29
5 0 1 2 14 7 15 27 22 9 12 10 23 9 11 17 29 21 13 4
49 54 58 51 119 35 25 3 8 16 5 0 1 2 14 7 15 27 22 9
51 53 45 46 48 50 54 58 52 113 35 25 3 8 16 5 0 1 2 14
22 9 12 10 23 9 11 17 29 21 13 4 19 32 28 20 26 34 28 20
14 7 15 27 22 9 12 10 23 9 11 17 29 21 13 4 19 32 28 20
16 5 0 1 2 14 7 15 27 22 9 12 10 23 51 9 11 17 29 21
121 35 25 3 8 16 5 0 1 2 14 7 15 27 22 9 12 10 23 9
5 0 1 2 14 7 15 27 22 9 12 10 23 9 11 17 29 21 13 4
51 53 45 46 48 50 54 58 51 121 35 25 3 8 16 5 0 1 2 14
29 21 13 4 19 32 28 20 26 34 28 54 58 20 26 34 28 20 26 33
27 22 9 12 10 23 9 11 17 29 21 13 4 19 32 28 20 26 34 28
9 11 17 29 21 13 4 19 32 28 20 26 34 28 20 26 34 28 20 26
32 28 55 58 20 26 30 37 69 127 6 70 62 37 108 74 6 18 80 36
8 16 5 0 1 2 14 7 15 27 22 9 12 10 23 9 11 17 29 21
49 56 58 52 116 35 25 3 8 16 5 0 1 2 14 7 15 27 22 9
45 46 48 50 54 58 51 57 35 25 3 8 16 5 0 1 2 73 76 20
50 54 58 124 35 25 3 8 16 5 0 1 2 14 7 15 27 22 9 12
43 59 51 53 45 46 48 50 42 44 47 50 56 58 52 117 35 25 3 8
8 16 5 0 1 2 14 7 15 27 22 9 12 10 23 9 11 17 29 21
8 16 5 0 1 2 14 7 15 27 22 9 12 10 23 9 11 17 29 21
7 15 27 22 9 12 10 23 9 11 17 29 21 13 4 19 32 28 20 26
37 31 39 41 40 97 98 17 29 21 13 55 58 4 19 32 28 20 26 30
59 53 51 45 46 48 49 115 35 25 3 8 16 5 0 1 2 14 7 15
59 51 53 45 46 48 50 54 58 52 105 35 25 3 8 16 5 0 1 2
10 23 9 11 17 29 21 13 4 19 32 28 20 26 34 28 20 26 34 28
1 2 14 7 15 27 22 9 12 10 23 9 11 17 29 21 13 4 19 32
48 49 115 35 25 3 8 16 5 0 1 2 14 7 15 27 22 9 12 10
3 8 16 5 0 1 2 14 7 15 27 22 9 12 10 23 9 11 17 29
50 42 44 47 50 56 58 52 117 35 25 3 8 16 5 0 1 2 14 7
8 16 5 0 1 2 14 7 15 27 22 9 12 10 23 9 11 17 29 21
54 58 52 113 35 25 3 8 16 5 0 1 2 14 7 15 27 22 9 12
5 0 1 2 14 7 15 27 22 9 12 10 23 9 11 17 29 21 13 4
3 8 16 5 0 1 2 14 7 15 27 22 9 12 10 23 9 11 17 29
3 8 16 5 0 1 2 14 7 15 27 22 9 12 10 23 9 11 51 17
1 2 14 7 15 27 22 9 11 17 72 20 26 34 28 20 87 51 35 25
59 51 53 45 46 48 49 54 58 51 119 35 25 3 8 16 5 0 1 2
28 20 87 51 35 25 3 8 16 5 0 1 2 14 7 15 27 22 9 12
48 49 54 58 51 110 35 25 3 8 16 5 0 1 2 14 7 15 27 22
54 58 52 105 35 25 3 8 16 5 0 1 2 14 7 15 27 22 9 12
46 48 49 54 58 51 110 35 25 3 8 16 5 0 1 2 14 7 15 27
42 44 47 49 56 58 64 107 35 25 3 51 8 16 5 0 1 2 14 7
22 9 12 10 23 9 11 17 29 21 13 4 19 32 28 20 26 34 28 20
16 5 0 1 2 14 7 15 27 22 9 12 10 23 51 9 11 17 29 20
9 11 17 72 20 26 34 28 20 87 51 35 25 3 8 16 5 0 1 2
31 58 60 53 71 63 17 29 78 89 81 24 6 18 32 28 55 58 20 26
16 5 0 1 2 14 7 15 27 22 9 12 10 23 9 11 17 29 21 13
3 8 16 5 0 1 2 14 7 15 27 22 9 12 10 23 9 11 17 29
29 21 13 4 19 32 28 20 26 34 28 20 26 34 28 20 26 34 28 20
2 14 7 15 27 22 9 12 10 23 51 9 11 17 29 20 68 92 75 38
25 3 8 16 5 0 1 2 14 7 15 27 22 9 12 10 23 51 9 11
1 2 14 7 15 27 22 9 12 10 23 9 11 17 29 21 13 4 19 32
46 48 49 54 58 51 119 35 25 3 8 16 5 0 1 2 14 7 15 27
53 71 63 17 29 78 89 81 24 6 18 32 28 55 58 20 26 30 37 69
9 12 10 23 9 11 17 29 21 13 4 19 32 28 20 26 34 28 20 26
23 9 11 17 29 21 13 4 19 32 28 20 26 34 28 20 26 34 28 20
21 13 4 19 32 28 20 26 34 28 20 26 34 28 20 26 34 28 20 26
35 25 3 8 16 5 0 1 2 14 7 15 27 22 9 12 10 23 51 9
49 54 58 51 110 35 25 3 8 16 5 0 1 2 14 7 15 27 22 9
4 19 32 28 20 26 30 37 31 39 38 24 6 18 32 28 20 26 30 37
40 97 98 17 29 21 13 55 58 4 19 32 28 20 26 30 37 31 39 38
7 15 27 22 9 12 10 23 9 11 51 17 29 21 13 4 19 32 28 20
56 58 64 107 35 25 3 51 8 16 5 0 1 2 14 7 15 27 22 9
29 20 68 92 75 38 24 6 18 32 28 20 26 30 37 31 39 38 24 6
14 7 15 27 22 9 12 10 23 9 11 17 29 21 13 4 19 32 28 20
46 48 50 42 44 47 50 56 58 52 106 35 25 3 8 16 5 0 1 2
45 46 48 49 54 58 57 35 25 3 8 16 5 0 1 2 14 7 15 27
49 56 58 52 114 35 25 3 8 16 5 0 1 2 14 7 15 27 22 9
14 7 15 27 22 9 12 10 23 9 11 17 29 21 13 4 19 32 28 20
43 47 49 109 58 55 58 51 126 57 35 25 3 8 16 5 0 1 2 14
4 19 32 28 20 26 34 28 20 26 34 28 20 26 34 28 20 26 33 36
54 58 124 35 25 3 8 16 5 0 1 2 14 7 15 27 22 9 12 10
48 49 57 90 40 41 40 55 58 125 57 35 25 3 8 16 5 0 1 2
32 28 55 58 20 26 30 37 69 127 6 70 62 37 108 74 6 18 80 36
126 57 35 25 3 8 16 5 0 1 2 14 7 15 27 22 9 67 99 37
46 48 50 54 58 52 105 35 25 3 8 16 5 0 1 2 14 7 15 27
54 58 123 35 25 3 8 16 5 0 1 2 14 7 15 27 22 9 12 10
48 50 54 58 124 35 25 3 8 16 5 0 1 2 14 7 15 27 22 9
14 7 15 27 22 9 12 10 23 9 11 17 29 21 13 4 19 32 28 20
46 48 49 42 44 47 49 56 58 52 116 35 25 3 8 16 5 0 1 2
53 45 46 48 49 54 58 51 110 35 25 3 8 16 5 0 1 2 14 7
7 15 27 22 9 12 10 23 9 11 17 29 21 13 4 19 32 28 20 26
48 50 54 58 52 113 35 25 3 8 16 5 0 1 2 14 7 15 27 22
8 16 5 0 1 2 14 7 15 27 22 9 12 10 23 9 11 17 29 21
58 52 105 35 25 3 8 16 5 0 1 2 14 7 15 27 22 9 12 10
53 51 45 46 48 50 54 58 124 35 25 3 8 16 5 0 1 2 14 7
12 10 23 51 9 11 17 29 21 13 4 19 32 28 20 26 34 28 20 26
16 5 0 1 2 14 7 15 27 22 9 67 99 37 31 39 41 40 94 102
21 13 4 19 32 28 20 26 34 28 20 26 34 28 20 26 34 28 20 26
48 49 112 104 66 40 83 54 58 51 79 86 41 40 61 35 25 3 8 16
0 1 2 14 7 15 27 22 9 12 10 23 51 9 11 17 29 21 13 4
125 57 35 25 3 8 16 5 0 1 2 14 7 15 27 22 9 12 10 23
7 15 27 22 9 12 10 23 9 11 17 29 21 13 4 19 32 28 20 26
54 58 51 79 86 41 40 61 35 25 3 8 16 5 0 1 2 14 7 15
43 59 51 53 45 46 48 49 54 58 51 119 35 25 3 8 16 5 0 1
35 25 3 8 16 5 0 1 2 14 7 15 27 22 9 12 10 23 53 58
22 9 12 10 23 9 11 17 29 21 13 4 19 32 28 20 26 34 28 20
51 53 45 46 48 50 54 58 51 121 35 25 3 8 16 5 0 1 2 14
49 54 58 57 35 25 3 8 16 5 0 1 2 14 7 15 27 22 9 11
51 53 45 46 48 50 42 44 47 50 56 58 52 117 35 25 3 8 16 5
40 41 40 55 58 125 57 35 25 3 8 16 5 0 1 2 14 7 15 27
28 20 26 30 37 31 39 38 24 6 93 96 37 31 39 38 24 6 18 101
59 51 53 45 46 48 50 54 58 52 113 35 25 3 8 16 5 0 1 2
49 56 58 64 107 35 25 3 51 8 16 5 0 1 2 14 7 15 27 22
9 100 65 37 31 39 41 40 97 98 17 29 21 13 55 58 4 19 32 28
25 3 8 16 5 0 1 2 73 76 20 26 27 22 9 12 10 23 9 11
14 7 15 27 22 9 12 10 23 9 11 17 29 21 13 4 19 32 28 20
51 45 46 48 49 54 58 57 35 25 3 8 16 5 0 1 2 14 7 15
35 25 3 8 16 5 0 1 2 14 7 15 27 22 9 12 10 23 9 11
14 7 15 27 22 9 12 10 23 9 11 17 29 21 13 4 19 32 28 20
1 2 14 7 15 27 22 9 67 99 37 31 39 41 40 94 102 17 29 21
22 9 12 10 23 51 9 11 17 29 21 13 4 19 32 28 20 26 34 28
15 27 22 9 12 10 23 9 11 51 17 29 21 13 4 19 32 28 20 26
45 46 48 50 54 58 52 105 35 25 3 8 16 5 0 1 2 14 7 15
27 22 9 67 99 37 31 39 41 40 94 102 17 29 21 13 4 19 32 28
8 16 5 0 1 2 14 7 15 27 22 9 11 17 72 20 26 34 28 20
12 10 23 9 11 17 29 21 13 4 19 32 28 20 26 34 28 54 58 20
25 3 8 16 5 0 1 2 14 7 15 27 22 9 100 65 37 31 39 41
51 88 53 45 46 48 49 112 104 66 40 83 54 58 51 79 86 41 40 61
48 50 54 58 124 35 25 3 8 16 5 0 1 2 14 7 15 27 22 9
15 27 22 9 11 17 72 20 26 34 28 20 87 51 35 25 3 8 16 5
0 1 2 14 7 15 27 22 9 12 10 23 9 11 17 29 21 13 4 19
45 46 48 49 57 90 40 41 40 55 58 125 57 35 25 3 8 16 5 0
59 51 53 45 46 48 50 54 58 52 105 35 25 3 8 16 5 0 1 2
10 23 9 11 51 17 29 21 13 4 19 32 28 20 26 34 28 20 26 34
17 29 21 13 4 19 32 28 20 26 34 28 20 26 34 28 20 26 34 28
75 38 24 6 18 32 28 20 26 30 37 31 39 38 24 6 18 32 28 120
54 58 124 35 25 3 8 16 5 0 1 2 14 7 15 27 22 9 12 10
21 13 4 19 32 28 20 26 30 37 31 39 38 24 6 93 96 37 31 39
2 14 7 15 27 22 9 12 10 23 9 11 17 29 21 13 4 19 32 28
45 46 48 49 57 90 40 41 40 55 58 125 57 35 25 3 8 16 5 0
45 46 48 50 54 58 51 121 35 25 3 8 16 5 0 1 2 14 7 15
1 2 14 7 15 27 22 9 67 99 37 31 39 41 40 94 102 17 29 21
0 1 2 14 7 15 27 22 9 12 10 23 9 11 17 29 21 13 4 19
53 51 45 46 48 49 42 44 47 49 56 58 52 114 35 25 3 8 16 5
9 11 17 29 21 13 4 19 32 28 20 26 34 28 20 26 34 28 20 26
3 8 16 5 0 1 2 14 7 15 27 22 9 67 99 37 31 39 41 40
35 25 3 8 16 5 0 1 2 14 7 15 27 22 9 12 10 23 9 11
10 23 51 9 11 17 29 21 13 4 19 32 28 20 26 34 28 20 26 34
8 16 5 0 1 2 14 7 15 27 22 9 12 10 23 9 11 17 29 21
22 9 12 10 23 53 58 51 9 11 17 29 21 13 4 19 32 28 20 26
2 14 7 15 27 22 9 12 10 23 9 11 17 29 21 13 4 19 32 28
48 49 54 58 51 119 35 25 3 8 16 5 0 1 2 14 7 15 27 22
43 59 53 51 45 46 48 49 115 35 25 3 8 16 5 0 1 2 14 7
2 14 7 15 27 22 9 12 10 23 9 11 17 29 21 13 4 19 32 28
51 35 25 3 8 16 5 0 1 2 14 7 15 27 22 9 12 10 23 9
52 106 35 25 3 8 16 5 0 1 2 14 7 15 27 22 9 12 10 23
12 10 23 9 11 17 29 21 13 4 19 32 28 20 26 34 28 20 26 34
58 51 79 86 41 40 61 35 25 3 8 16 5 0 1 2 14 7 15 27
45 46 48 50 52 53 58 118 35 25 3 8 16 91 77 84 82 14 7 15
52 116 35 25 3 8 16 5 0 1 2 14 7 15 27 22 9 12 10 23
16 5 0 1 2 14 7 15 27 22 9 12 10 23 9 11 17 29 21 13
22 9 12 10 23 9 11 17 29 21 13 4 19 32 28 20 26 34 28 20
25 3 8 16 5 0 1 2 14 7 15 27 22 9 12 10 23 9 11 17
51 110 35 25 3 8 16 5 0 1 2 14 7 15 27 22 9 12 10 23
29 21 13 4 19 32 28 20 26 34 28 20 26 34 28 20 26 34 28 20
40 55 58 125 57 35 25 3 8 16 5 0 1 2 14 7 15 27 22 9
58 51 121 35 25 3 8 16 5 0 1 2 14 7 15 27 22 9 12 10
8 16 5 0 1 2 14 7 15 27 22 9 12 10 23 9 11 17 29 21
58 60 53 71 63 17 29 78 89 81 24 6 18 32 28 55 58 20 26 30
53 45 46 48 49 54 58 51 110 35 25 3 8 16 5 0 1 2 14 7
25 3 8 16 5 0 1 2 14 7 15 27 22 9 12 10 23 53 58 51
51 53 45 46 48 49 54 58 51 119 35 25 3 8 16 5 0 1 2 14
46 48 50 42 44 47 50 56 58 52 106 35 25 3 8 16 5 0 1 2
35 25 3 8 16 5 0 1 2 73 76 20 26 27 22 9 12 10 23 9
48 49 54 58 57 35 25 3 8 16 5 0 1 2 14 7 15 27 22 9
53 45 46 48 50 52 53 58 118 35 25 3 8 16 91 77 84 82 14 7
53 51 45 46 48 49 115 35 25 3 8 16 5 0 1 2 14 7 15 27
59 53 51 45 46 48 49 57 90 40 41 40 55 58 125 57 35 25 3 8
49 42 44 47 49 56 58 64 107 35 25 3 51 8 16 5 0 1 2 14
8 16 5 0 1 2 14 7 15 27 22 9 12 10 23 51 9 11 17 29
52 117 35 25 3 8 16 5 0 1 2 14 7 15 27 22 9 12 10 23
43 59 51 53 45 46 48 50 52 53 58 118 35 25 3 8 16 91 77 84
53 51 45 46 48 50 54 58 124 35 25 3 8 16 5 0 1 2 14 7
17 29 21 13 4 19 32 28 20 26 30 37 31 39 38 24 6 93 96 37
7 15 27 22 9 12 10 23 9 11 17 29 21 13 4 19 32 28 20 26
8 16 91 77 84 82 14 7 15 27 22 9 12 10 23 9 11 17 29 21
56 58 52 106 35 25 3 8 16 5 0 1 2 14 7 15 27 22 9 12
19 32 28 20 26 30 37 31 39 38 24 6 18 32 28 20 26 30 37 31
46 48 49 112 104 66 40 83 54 58 51 79 86 41 40 61 35 25 3 8
12 10 23 9 11 51 17 29 21 13 4 19 32 28 20 26 34 28 20 26
9 12 10 23 9 11 17 29 21 13 4 19 32 28 20 26 34 28 20 26
14 7 15 27 22 9 12 10 23 9 11 17 29 21 13 4 19 32 28 20
12 10 23 9 11 51 17 29 21 13 4 19 32 28 20 26 34 28 20 26
13 4 19 32 28 20 26 34 28 20 26 34 28 20 26 34 28 20 26 33
15 27 22 9 12 10 23 9 11 17 29 21 13 4 19 32 28 20 26 34
9 12 10 23 9 11 17 29 21 13 4 19 32 28 20 26 34 28 20 26
9 12 10 23 9 11 51 17 29 21 13 4 19 32 28 20 26 34 28 20
111 35 25 3 8 16 5 0 1 2 14 7 15 27 22 9 12 10 23 9
35 25 3 51 8 16 5 0 1 2 14 7 15 27 22 9 103 95 37 31
10 23 9 11 17 29 21 13 4 19 32 28 20 26 34 28 20 26 34 28
17 29 21 13 4 19 32 28 20 26 34 28 20 26 34 28 20 26 33 36
51 45 46 48 50 42 44 47 50 56 58 52 106 35 25 3 8 16 5 0
123 35 25 3 8 16 5 0 1 2 14 7 15 27 22 9 12 10 23 51
23 53 58 51 9 11 17 29 21 13 4 19 32 28 20 26 34 28 20 26
86 41 40 61 35 25 3 8 16 5 0 1 2 14 7 15 27 22 9 100
51 53 45 46 48 49 54 58 51 119 35 25 3 8 16 5 0 1 2 14
16 5 0 1 2 14 7 15 27 22 9 12 10 23 9 11 17 29 21 13
89 81 24 6 18 32 28 55 58 20 26 30 37 69 127 6 70 62 37 108
51 8 16 5 0 1 2 14 7 15 27 22 9 103 95 37 31 58 60 53
17 29 21 13 4 19 32 28 20 26 34 28 20 26 34 28 20 26 34 28
53 45 46 48 50 54 58 52 105 35 25 3 8 16 5 0 1 2 14 7
46 48 50 42 44 47 50 56 58 52 117 35 25 3 8 16 5 0 1 2
115 35 25 3 8 16 5 0 1 2 14 7 15 27 22 9 12 10 23 53
23 9 11 17 29 21 13 4 19 32 28 20 26 34 28 54 58 20 26 34
9 12 10 23 9 11 17 29 21 13 4 19 32 28 20 26 34 28 20 26
46 48 50 52 53 58 118 35 25 3 8 16 91 77 84 82 14 7 15 27
16 5 0 1 2 14 7 15 27 22 9 12 10 23 9 11 17 29 21 13
15 27 22 9 12 10 23 9 11 17 29 21 13 4 19 32 28 20 26 34
22 9 12 10 23 51 9 11 17 29 21 13 4 19 32 28 20 26 34 28
7 15 27 22 9 12 10 23 9 11 17 29 21 13 4 19 32 28 20 26
25 3 8 16 5 0 1 2 14 7 15 27 22 9 12 10 23 9 11 17
3 8 16 5 0 1 2 14 7 15 27 22 9 67 99 37 31 39 41 40
7 15 27 22 9 12 10 23 9 11 17 29 21 13 4 19 32 28 20 26
9 12 10 23 9 11 51 17 29 21 13 4 19 32 28 20 26 34 28 20
7 15 27 22 9 12 10 23 9 11 17 29 21 13 4 19 32 28 20 26
22 9 12 10 23 9 11 17 29 21 13 4 19 32 28 20 26 34 28 54
85 44 45 122 45 46 48 50 55 58 111 35 25 3 8 16 5 0 1 2
5 0 1 2 14 7 15 27 22 9 12 10 23 53 58 51 9 11 17 29
1 2 14 7 15 27 22 9 12 10 23 9 11 17 29 21 13 4 19 32
47 49 56 58 64 107 35 25 3 51 8 16 5 0 1 2 14 7 15 27
0 1 2 14 7 15 27 22 9 12 10 23 51 9 11 17 29 20 68 92
21 13 4 19 32 28 20 26 34 28 54 58 20 26 34 28 20 26 33 36
46 48 49 42 44 47 49 56 58 52 116 35 25 3 8 16 5 0 1 2
11 51 17 29 21 13 4 19 32 28 20 26 34 28 20 26 34 28 20 26
2 14 7 15 27 22 9 12 10 23 51 9 11 17 29 20 68 92 75 38
1 2 14 7 15 27 22 9 12 10 23 9 11 17 29 21 13 4 19 32
48 50 52 53 58 118 35 25 3 8 16 91 77 84 82 14 7 15 27 22
22 9 12 10 23 9 11 17 29 21 13 4 19 32 28 20 26 34 28 20
50 56 58 52 106 35 25 3 8 16 5 0 1 2 14 7 15 27 22 9
0 1 2 14 7 15 27 22 9 12 10 23 9 11 17 29 21 13 4 19
8 16 5 0 1 2 14 7 15 27 22 9 12 10 23 51 9 11 17 29
116 35 25 3 8 16 5 0 1 2 14 7 15 27 22 9 12 10 23 9
27 22 9 12 10 23 9 11 17 29 21 13 4 19 32 28 20 26 34 28
23 51 9 11 17 29 21 13 4 19 32 28 20 26 34 28 20 26 34 28
8 16 5 0 1 2 14 7 15 27 22 9 67 99 37 31 39 41 40 94
51 35 25 3 8 16 5 0 1 2 14 7 15 27 22 9 12 10 23 9
29 21 13 4 19 32 28 20 26 34 28 20 26 34 28 20 26 34 28 20
17 29 21 13 4 19 32 28 20 26 34 28 20 26 34 28 20 26 34 28
51 8 16 5 0 1 2 14 7 15 27 22 9 103 95 37 31 58 60 53
58 124 35 25 3 8 16 5 0 1 2 14 7 15 27 22 9 12 10 23
43 59 51 53 45 46 48 50 54 58 123 35 25 3 8 16 5 0 1 2
9 11 17 29 21 13 4 19 32 28 20 26 34 28 54 58 20 26 34 28
11 17 29 21 13 4 19 32 28 20 26 34 28 20 26 34 28 20 26 33
44 47 50 56 58 52 117 35 25 3 8 16 5 0 1 2 14 7 15 27
57 35 25 3 8 16 5 0 1 2 73 76 20 26 27 22 9 12 10 23
22 9 12 10 23 51 9 11 17 29 20 68 92 75 38 24 6 18 32 28
89 81 24 6 18 32 28 55 58 20 26 30 37 69 127 6 70 62 37 108
45 46 48 50 54 58 51 57 35 25 3 8 16 5 0 1 2 73 76 20
59 53 51 45 46 48 49 54 58 57 35 25 3 8 16 5 0 1 2 14
52 114 35 25 3 8 16 5 0 1 2 14 7 15 27 22 9 12 10 23
58 52 116 35 25 3 8 16 5 0 1 2 14 7 15 27 22 9 12 10
10 23 9 11 17 29 21 13 4 19 32 28 20 26 34 28 20 26 34 28
23 9 11 17 29 21 13 4 19 32 28 20 26 34 28 20 26 34 28 20
76 20 26 27 22 9 12 10 23 9 11 17 29 21 13 4 19 32 28 20
34 28 20 87 51 35 25 3 8 16 5 0 1 2 14 7 15 27 22 9
51 9 11 17 29 20 68 92 75 38 24 6 18 32 28 20 26 30 37 31
17 29 21 13 4 19 32 28 20 26 34 28 20 26 34 28 20 26 34 28
51 45 46 48 50 54 58 51 57 35 25 3 8 16 5 0 1 2 73 76
12 10 23 9 11 17 29 21 13 4 19 32 28 20 26 34 28 20 26 34
7 15 27 22 9 12 10 23 53 58 51 9 11 17 29 21 13 4 19 32
22 9 12 10 23 9 11 17 29 21 13 4 19 32 28 20 26 34 28 20
23 9 11 17 29 21 13 4 19 32 28 20 26 34 28 20 26 34 28 20
15 27 22 9 12 10 23 9 11 17 29 21 13 4 19 32 28 20 26 34
1 2 14 7 15 27 22 9 12 10 23 9 11 17 29 21 13 4 19 32
17 29 21 13 4 19 32 28 20 26 34 28 20 26 34 28 20 26 34 28
77 84 82 14 7 15 27 22 9 12 10 23 9 11 17 29 21 13 4 19
54 58 57 35 25 3 8 16 5 0 1 2 14 7 15 27 22 9 11 17
59 51 53 45 46 48 49 54 58 51 119 35 25 3 8 16 5 0 1 2
3 8 16 5 0 1 2 73 76 20 26 27 22 9 12 10 23 9 11 17
11 17 29 21 13 4 19 32 28 20 26 34 28 20 26 34 28 20 26 33
1 2 14 7 15 27 22 9 12 10 23 9 11 17 29 21 13 4 19 32
84 82 14 7 15 27 22 9 12 10 23 9 11 17 29 21 13 4 19 32
46 48 49 42 44 47 49 56 58 64 107 35 25 3 51 8 16 5 0 1
3 8 16 5 0 1 2 14 7 15 27 22 9 11 17 72 20 26 34 28
11 17 29 21 13 4 19 32 28 20 26 34 28 20 26 34 28 20 26 33
50 55 58 111 35 25 3 8 16 5 0 1 2 14 7 15 27 22 9 12
11 17 29 21 13 4 19 32 28 20 26 34 28 20 26 34 28 20 26 34
7 15 27 22 9 12 10 23 9 11 17 29 21 13 4 19 32 28 20 26
3 8 16 5 0 1 2 14 7 15 27 22 9 12 10 23 9 11 17 29
25 3 8 16 5 0 1 2 14 7 15 27 22 9 12 10 23 53 58 51
14 7 15 27 22 9 12 10 23 9 11 17 29 21 13 4 19 32 28 20
35 25 3 51 8 16 5 0 1 2 14 7 15 27 22 9 103 95 37 31
75 38 24 6 18 32 28 20 26 30 37 31 39 38 24 6 18 32 28 120
14 7 15 27 22 9 12 10 23 9 11 17 29 21 13 4 19 32 28 20
22 9 100 65 37 31 39 41 40 97 98 17 29 21 13 55 58 4 19 32
37 31 58 60 53 71 63 17 29 78 89 81 24 6 18 32 28 55 58 20
53 45 46 48 50 54 58 51 121 35 25 3 8 16 5 0 1 2 14 7
51 45 46 48 49 42 44 47 49 56 58 52 114 35 25 3 8 16 5 0
21 13 4 19 32 28 20 26 34 28 20 26 34 28 20 26 34 28 20 26
59 51 53 45 46 48 50 42 44 47 50 56 58 52 117 35 25 3 8 16
51 121 35 25 3 8 16 5 0 1 2 14 7 15 27 22 9 12 10 23
3 8 16 5 0 1 2 14 7 15 27 22 9 12 10 23 53 58 51 9
28 20 87 51 35 25 3 8 16 5 0 1 2 14 7 15 27 22 9 12
12 10 23 9 11 17 29 21 13 4 19 32 28 20 26 34 28 20 26 34
22 9 12 10 23 9 11 17 29 21 13 4 19 32 28 20 26 34 28 20
54 58 51 110 35 25 3 8 16 5 0 1 2 14 7 15 27 22 9 12
7 15 27 22 9 67 99 37 31 39 41 40 94 102 17 29 21 13 4 19
9 11 17 29 21 13 4 19 32 28 20 26 34 28 20 26 34 28 20 26
0 1 2 73 76 20 26 27 22 9 12 10 23 9 11 17 29 21 13 4
5 0 1 2 14 7 15 27 22 9 12 10 23 9 11 17 29 21 13 4
3 8 16 5 0 1 2 14 7 15 27 22 9 12 10 23 9 11 17 29
9 12 10 23 9 11 17 29 21 13 4 19 32 28 20 26 34 28 20 26
50 42 44 47 50 56 58 52 117 35 25 3 8 16 5 0 1 2 14 7
55 58 125 57 35 25 3 8 16 5 0 1 2 14 7 15 27 22 9 12
43 59 53 51 45 46 48 49 42 44 47 49 56 58 52 116 35 25 3 8
8 16 5 0 1 2 14 7 15 27 22 9 12 10 23 51 9 11 17 29
15 27 22 9 12 10 23 53 58 51 9 11 17 29 21 13 4 19 32 28
9 11 17 29 21 13 4 19 32 28 20 26 34 28 20 26 34 28 20 26
21 13 4 19 32 28 20 26 34 28 20 26 34 28 20 26 34 28 20 26
0 1 2 14 7 15 27 22 9 12 10 23 9 11 17 29 21 13 4 19
3 8 16 5 0 1 2 14 7 15 27 22 9 12 10 23 9 11 17 29
44 47 49 56 58 64 107 35 25 3 51 8 16 5 0 1 2 14 7 15
43 59 53 51 45 46 48 49 42 44 47 49 56 58 52 116 35 25 3 8
2 14 7 15 27 22 9 12 10 23 9 11 17 29 21 13 4 19 32 28
56 58 52 114 35 25 3 8 16 5 0 1 2 14 7 15 27 22 9 12
10 23 51 9 11 17 29 20 68 92 75 38 24 6 18 32 28 20 26 30
17 29 21 13 4 19 32 28 20 26 34 28 20 26 34 28 20 26 34 28
15 27 22 9 12 10 23 9 11 51 17 29 21 13 4 19 32 28 20 26
46 48 49 54 58 57 35 25 3 8 16 5 0 1 2 14 7 15 27 22
0 1 2 14 7 15 27 22 9 12 10 23 9 11 17 29 21 13 4 19
20 68 92 75 38 24 6 18 32 28 20 26 30 37 31 39 38 24 6 18
43 59 51 53 45 46 48 49 54 58 51 110 35 25 3 8 16 5 0 1
48 50 54 58 123 35 25 3 8 16 5 0 1 2 14 7 15 27 22 9
58 52 106 35 25 3 8 16 5 0 1 2 14 7 15 27 22 9 12 10
31 58 60 53 71 63 17 29 78 89 81 24 6 18 32 28 55 58 20 26
1 2 14 7 15 27 22 9 11 17 72 20 26 34 28 20 87 51 35 25
71 63 17 29 78 89 81 24 6 18 32 28 55 58 20 26 30 37 69 127
1 2 14 7 15 27 22 9 12 10 23 9 11 17 29 21 13 4 19 32
3 8 16 5 0 1 2 14 7 15 27 22 9 12 10 23 53 58 51 9
43 47 49 109 58 55 58 51 126 57 35 25 3 8 16 5 0 1 2 14
7 15 27 22 9 67 99 37 31 39 41 40 94 102 17 29 21 13 4 19
25 3 8 16 5 0 1 2 73 76 20 26 27 22 9 12 10 23 9 11
14 7 15 27 22 9 12 10 23 9 11 17 29 21 13 4 19 32 28 20
25 3 8 16 5 0 1 2 14 7 15 27 22 9 100 65 37 31 39 41
13 4 19 32 28 20 26 30 37 31 39 38 24 6 93 96 37 31 39 38
9 11 51 17 29 21 13 4 19 32 28 20 26 34 28 20 26 34 28 20
53 58 118 35 25 3 8 16 91 77 84 82 14 7 15 27 22 9 12 10
72 20 26 34 28 20 87 51 35 25 3 8 16 5 0 1 2 14 7 15
43 59 51 53 45 46 48 49 54 58 51 110 35 25 3 8 16 5 0 1
8 16 5 0 1 2 14 7 15 27 22 9 12 10 23 9 11 17 29 21
58 51 79 86 41 40 61 35 25 3 8 16 5 0 1 2 14 7 15 27
48 50 54 58 123 35 25 3 8 16 5 0 1 2 14 7 15 27 22 9
49 42 44 47 49 56 58 52 116 35 25 3 8 16 5 0 1 2 14 7
9 12 10 23 9 11 17 29 21 13 4 19 32 28 20 26 34 28 20 26
5 0 1 2 14 7 15 27 22 9 12 10 23 9 11 51 17 29 21 13
8 16 5 0 1 2 14 7 15 27 22 9 100 65 37 31 39 41 40 97
11 17 29 21 13 4 19 32 28 20 26 34 28 20 26 34 28 20 26 33
0 1 2 14 7 15 27 22 9 12 10 23 9 11 17 29 21 13 4 19
15 27 22 9 12 10 23 9 11 17 29 21 13 4 19 32 28 20 26 34
4 19 32 28 20 26 34 28 20 26 34 28 20 26 34 28 20 26 33 36
11 17 29 21 13 4 19 32 28 20 26 34 28 20 26 34 28 20 26 33
35 25 3 8 16 5 0 1 2 14 7 15 27 22 9 12 10 23 9 11
59 51 53 45 46 48 50 52 53 58 118 35 25 3 8 16 91 77 84 82
48 49 54 58 51 110 35 25 3 8 16 5 0 1 2 14 7 15 27 22
10 23 51 9 11 17 29 20 68 92 75 38 24 6 18 32 28 20 26 30
6 18 32 28 20 26 30 37 31 39 38 24 6 18 32 28 120 58 20 26
14 7 15 27 22 9 100 65 37 31 39 41 40 97 98 17 29 21 13 55
58 51 119 35 25 3 8 16 5 0 1 2 14 7 15 27 22 9 12 10
81 24 6 18 32 28 55 58 20 26 30 37 69 127 6 70 62 37 108 74
15 27 22 9 12 10 23 9 11 17 29 21 13 4 19 32 28 20 26 34
43 59 51 53 45 46 48 50 54 58 52 105 35 25 3 8 16 5 0 1
115 35 25 3 8 16 5 0 1 2 14 7 15 27 22 9 12 10 23 53
49 56 58 52 114 35 25 3 8 16 5 0 1 2 14 7 15 27 22 9
54 58 51 57 35 25 3 8 16 5 0 1 2 73 76 20 26 27 22 9
23 9 11 17 29 21 13 4 19 32 28 20 26 34 28 20 26 34 28 20
27 22 9 12 10 23 9 11 17 29 21 13 4 19 32 28 20 26 34 28
27 22 9 12 10 23 51 9 11 17 29 20 68 92 75 38 24 6 18 32
21 13 4 19 32 28 20 26 34 28 20 26 34 28 20 26 34 28 20 26
49 57 90 40 41 40 55 58 125 57 35 25 3 8 16 5 0 1 2 14
2 14 7 15 27 22 9 12 10 23 9 11 17 29 21 13 4 19 32 28
58 51 9 11 17 29 21 13 4 19 32 28 20 26 34 28 20 26 34 28
46 48 50 54 58 123 35 25 3 8 16 5 0 1 2 14 7 15 27 22
2 14 7 15 27 22 9 12 10 23 9 11 17 29 21 13 4 19 32 28
53 51 45 46 48 50 42 44 47 50 56 58 52 106 35 25 3 8 16 5
16 91 77 84 82 14 7 15 27 22 9 12 10 23 9 11 17 29 21 13
20 26 30 37 31 39 38 24 6 18 32 28 20 26 30 37 31 39 41 40
7 15 27 22 9 12 10 23 9 11 17 29 21 13 4 19 32 28 20 26
51 45 46 48 49 57 90 40 41 40 55 58 125 57 35 25 3 8 16 5
16 5 0 1 2 14 7 15 27 22 9 12 10 23 9 11 17 29 21 13
113 35 25 3 8 16 5 0 1 2 14 7 15 27 22 9 12 10 23 9
52 114 35 25 3 8 16 5 0 1 2 14 7 15 27 22 9 12 10 23
55 58 51 126 57 35 25 3 8 16 5 0 1 2 14 7 15 27 22 9
111 35 25 3 8 16 5 0 1 2 14 7 15 27 22 9 12 10 23 9
23 9 11 17 29 21 13 4 19 32 28 20 26 34 28 20 26 34 28 20
45 46 48 49 54 58 57 35 25 3 8 16 5 0 1 2 14 7 15 27
12 10 23 9 11 51 17 29 21 13 4 19 32 28 20 26 34 28 20 26
48 50 54 58 123 35 25 3 8 16 5 0 1 2 14 7 15 27 22 9
27 22 9 12 10 23 9 11 17 29 21 13 4 19 32 28 20 26 34 28
3 8 16 5 0 1 2 14 7 15 27 22 9 12 10 23 9 11 17 29
67 99 37 31 39 41 40 94 102 17 29 21 13 4 19 32 28 20 26 30
45 46 48 49 115 35 25 3 8 16 5 0 1 2 14 7 15 27 22 9
51 110 35 25 3 8 16 5 0 1 2 14 7 15 27 22 9 12 10 23
61 35 25 3 8 16 5 0 1 2 14 7 15 27 22 9 100 65 37 31
44 47 49 56 58 52 116 35 25 3 8 16 5 0 1 2 14 7 15 27
8 16 5 0 1 2 14 7 15 27 22 9 67 99 37 31 39 41 40 94
23 9 11 17 29 21 13 4 19 32 28 20 26 34 28 20 26 34 28 20
17 29 21 13 4 19 32 28 20 26 34 28 20 26 34 28 20 26 33 36
18 32 28 55 58 20 26 30 37 69 127 6 70 62 37 108 74 6 18 80
49 115 35 25 3 8 16 5 0 1 2 14 7 15 27 22 9 12 10 23
0 1 2 14 7 15 27 22 9 103 95 37 31 58 60 53 71 63 17 29
49 42 44 47 49 56 58 64 107 35 25 3 51 8 16 5 0 1 2 14
54 58 123 35 25 3 8 16 5 0 1 2 14 7 15 27 22 9 12 10
54 58 52 113 35 25 3 8 16 5 0 1 2 14 7 15 27 22 9 12
43 59 51 53 45 46 48 49 42 44 47 49 56 58 64 107 35 25 3 51
43 59 51 53 45 46 48 50 54 58 52 113 35 25 3 8 16 5 0 1
51 9 11 17 29 20 68 92 75 38 24 6 18 32 28 20 26 30 37 31
2 14 7 15 27 22 9 12 10 23 53 58 51 9 11 17 29 21 13 4
13 4 19 32 28 20 26 34 28 20 26 34 28 20 26 34 28 20 26 33
58 51 126 57 35 25 3 8 16 5 0 1 2 14 7 15 27 22 9 67
29 21 13 4 19 32 28 20 26 30 37 31 39 38 24 6 93 96 37 31
15 27 22 9 12 10 23 9 11 17 29 21 13 4 19 32 28 20 26 34
25 3 8 16 5 0 1 2 14 7 15 27 22 9 12 10 23 9 11 17
14 7 15 27 22 9 12 10 23 51 9 11 17 29 20 68 92 75 38 24
22 9 12 10 23 9 11 17 29 21 13 4 19 32 28 20 26 34 28 20
23 9 11 17 29 21 13 4 19 32 28 20 26 34 28 20 26 34 28 20
3 8 16 5 0 1 2 14 7 15 27 22 9 12 10 23 9 11 17 29
14 7 15 27 22 9 12 10 23 9 11 17 29 21 13 4 19 32 28 20
5 0 1 2 14 7 15 27 22 9 100 65 37 31 39 41 40 97 98 17
58 52 105 35 25 3 8 16 5 0 1 2 14 7 15 27 22 9 12 10
15 27 22 9 12 10 23 9 11 17 29 21 13 4 19 32 28 20 26 34
53 51 45 46 48 49 115 35 25 3 8 16 5 0 1 2 14 7 15 27
48 50 54 58 52 113 35 25 3 8 16 5 0 1 2 14 7 15 27 22
12 10 23 9 11 51 17 29 21 13 4 19 32 28 20 26 34 28 20 26
4 19 32 28 20 26 34 28 20 26 34 28 20 26 34 28 20 26 33 36
68 92 75 38 24 6 18 32 28 20 26 30 37 31 39 38 24 6 18 32
25 3 8 16 5 0 1 2 14 7 15 27 22 9 12 10 23 9 11 17
16 5 0 1 2 14 7 15 27 22 9 67 99 37 31 39 41 40 94 102
91 77 84 82 14 7 15 27 22 9 12 10 23 9 11 17 29 21 13 4
55 58 4 19 32 28 20 26 30 37 31 39 38 24 6 18 32 28 20 26
10 23 9 11 17 29 21 13 4 19 32 28 20 26 34 28 20 26 34 28
27 22 9 12 10 23 9 11 17 29 21 13 4 19 32 28 20 26 34 28
25 3 8 16 5 0 1 2 14 7 15 27 22 9 12 10 23 9 11 51
68 92 75 38 24 6 18 32 28 20 26 30 37 31 39 38 24 6 18 32
8 16 5 0 1 2 14 7 15 27 22 9 12 10 23 9 11 17 29 21
32 28 20 26 30 37 31 39 38 24 6 18 32 28 20 26 30 37 31 39
16 5 0 1 2 14 7 15 27 22 9 12 10 23 9 11 17 29 21 13
7 15 27 22 9 12 10 23 9 11 17 29 21 13 4 19 32 28 20 26
15 27 22 9 12 10 23 53 58 51 9 11 17 29 21 13 4 19 32 28
14 7 15 27 22 9 12 10 23 9 11 17 29 21 13 4 19 32 28 20
3 8 16 91 77 84 82 14 7 15 27 22 9 12 10 23 9 11 17 29
22 9 12 10 23 9 11 17 29 21 13 4 19 32 28 20 26 34 28 20
50 52 53 58 118 35 25 3 8 16 91 77 84 82 14 7 15 27 22 9
45 46 48 50 54 58 123 35 25 3 8 16 5 0 1 2 14 7 15 27
58 51 121 35 25 3 8 16 5 0 1 2 14 7 15 27 22 9 12 10
4 19 32 28 20 26 30 37 31 39 38 24 6 93 96 37 31 39 38 24
5 0 1 2 14 7 15 27 22 9 12 10 23 53 58 51 9 11 17 29
40 83 54 58 51 79 86 41 40 61 35 25 3 8 16 5 0 1 2 14
14 7 15 27 22 9 12 10 23 9 11 17 29 21 13 4 19 32 28 20
12 10 23 9 11 17 29 21 13 4 19 32 28 20 26 34 28 20 26 34
17 29 21 13 4 19 32 28 20 26 34 28 54 58 20 26 34 28 20 26
13 4 19 32 28 20 26 34 28 20 26 34 28 20 26 34 28 20 26 33
11 17 29 21 13 4 19 32 28 20 26 34 28 20 26 34 28 20 26 34
52 117 35 25 3 8 16 5 0 1 2 14 7 15 27 22 9 12 10 23
40 55 58 125 57 35 25 3 8 16 5 0 1 2 14 7 15 27 22 9
25 3 8 16 5 0 1 2 14 7 15 27 22 9 12 10 23 9 11 17
64 107 35 25 3 51 8 16 5 0 1 2 14 7 15 27 22 9 103 95
92 75 38 24 6 18 32 28 20 26 30 37 31 39 38 24 6 18 32 28
5 0 1 2 14 7 15 27 22 9 12 10 23 9 11 17 29 21 13 4
0 1 2 14 7 15 27 22 9 12 10 23 9 11 17 29 21 13 4 19
43 59 51 53 45 46 48 49 42 44 47 49 56 58 64 107 35 25 3 51
55 58 111 35 25 3 8 16 5 0 1 2 14 7 15 27 22 9 12 10
35 25 3 8 16 5 0 1 2 14 7 15 27 22 9 12 10 23 9 11
2 14 7 15 27 22 9 12 10 23 53 58 51 9 11 17 29 21 13 4
84 82 14 7 15 27 22 9 12 10 23 9 11 17 29 21 13 4 19 32