111 111 152 142 157 75 49 62 178 120 144 83 35 162 54 27 80 82 165 107
95 59 72 86 66 20 85 52 61 74 8 0 1 16 38 77 83 35 26 101
21 31 103 29 30 69 109 84 51 60 73 89 70 95 59 72 86 66 20 85
85 52 61 74 8 0 1 16 38 77 83 35 26 101 105 106 110 65 53 108
41 25 5 15 21 31 103 29 30 69 167 141 130 163 111 113 150 95 59 72
181 129 97 11 67 42 17 45 6 2 14 47 24 4 15 21 31 102 41 25
5 15 21 31 103 29 30 69 109 84 51 60 73 89 70 95 59 72 86 66
1 16 38 77 83 35 26 101 105 58 53 106 110 108 90 32 36 97 11 67
106 110 65 53 108 90 32 36 97 11 67 42 17 45 6 2 14 48 22 56
102 41 25 5 15 21 31 103 29 30 69 109 84 51 60 73 89 70 95 59
85 52 61 74 8 0 1 16 38 77 83 35 26 101 105 106 110 65 53 108
108 92 33 37 98 12 68 43 18 39 7 3 10 46 23 57 79 76 50 63
16 38 77 83 35 26 101 105 106 110 65 53 108 90 32 36 97 11 67 42
25 5 15 21 31 103 29 30 69 167 141 130 163 111 113 150 95 59 72 86
67 42 17 45 6 2 14 48 22 56 78 75 49 62 94 96 71 19 55 28
90 32 36 97 11 67 42 17 44 6 2 13 48 22 56 78 75 49 62 94
92 33 37 98 12 68 43 18 39 7 3 10 46 23 57 79 76 50 63 81
14 47 24 4 15 21 31 102 41 25 5 15 21 31 111 111 111 113 109 84
29 30 69 109 84 51 60 73 89 70 95 59 72 86 66 20 85 52 61 74
33 37 98 12 68 43 18 39 7 3 10 46 23 57 79 76 50 63 81 100
53 108 90 32 36 97 11 67 42 17 45 6 2 14 48 22 56 78 75 49
95 59 72 86 66 20 85 52 61 74 8 0 1 16 38 77 83 35 26 101
98 12 68 43 18 39 7 3 10 46 23 57 79 76 50 63 81 154 70 95
105 106 110 65 53 108 92 33 37 98 12 68 43 18 40 7 3 9 46 23
31 103 29 30 69 167 141 130 163 111 113 150 95 59 72 86 66 20 85 52
184 77 83 35 26 136 170 32 36 97 11 67 42 17 44 6 2 14 47 24
13 48 22 56 78 75 49 62 94 96 71 19 58 53 55 28 80 82 115 64
153 35 26 101 105 106 104 65 53 106 104 106 104 106 104 65 53 106 110 108
98 12 68 43 18 39 7 3 10 46 23 57 79 76 50 63 81 100 88 117
72 86 66 20 85 52 61 74 8 0 1 16 38 77 83 35 26 101 105 106
44 6 2 13 48 22 56 78 75 49 62 94 96 71 19 58 53 55 28 80
42 17 45 6 2 14 48 22 56 78 75 49 62 94 96 71 19 55 28 80
43 18 40 7 3 9 46 23 57 79 76 50 63 81 96 71 19 55 28 80
112 173 54 27 80 82 172 112 110 108 92 33 37 98 12 68 43 18 39 7
41 25 5 15 21 31 103 175 111 113 109 84 51 60 73 89 70 95 59 72
83 35 26 101 105 106 110 65 53 108 90 32 36 97 11 67 42 17 45 6
53 107 91 34 37 98 12 68 43 18 40 7 3 9 46 23 57 79 76 50
53 106 104 106 110 108 92 33 37 98 12 68 43 18 40 7 3 9 46 23
32 36 97 11 67 42 17 44 6 2 14 47 24 4 15 21 31 102 41 25
1 16 38 77 83 35 26 101 105 176 53 106 110 108 90 32 36 97 11 67
15 21 31 103 29 30 69 109 84 51 60 73 89 70 95 59 72 86 66 20
66 20 85 52 61 74 8 0 1 16 38 77 83 35 26 101 105 176 53 106
86 66 20 85 52 61 74 8 0 1 16 38 77 83 35 26 101 105 58 53
53 137 127 62 147 184 77 83 35 26 136 170 32 36 97 11 67 42 17 44
52 61 74 8 0 1 16 38 77 83 35 26 101 105 126 53 106 110 108 90
84 51 60 73 89 70 95 59 72 86 66 20 85 52 61 74 8 0 1 16
102 41 25 5 15 21 31 103 29 30 69 109 84 51 60 73 89 70 95 59
15 21 31 103 29 30 69 167 141 130 163 111 113 150 95 59 72 86 66 20
121 111 113 169 21 31 103 29 30 69 109 84 51 60 73 89 70 95 59 72
106 110 65 53 108 90 32 36 97 11 67 42 17 45 6 2 14 48 22 56
25 5 15 21 31 103 29 30 69 109 84 51 60 73 89 70 95 59 72 86
85 52 61 74 8 0 1 16 38 77 83 35 26 101 105 126 53 106 110 108
15 21 31 103 175 111 113 109 84 51 60 73 89 70 95 59 72 86 66 20
85 52 61 74 8 0 1 16 38 77 83 35 26 101 105 106 110 65 53 108
73 89 70 95 59 72 86 66 20 85 52 61 74 8 0 1 16 38 77 83
110 108 90 32 36 97 11 67 42 17 44 6 2 13 48 22 56 78 75 49
8 0 1 16 38 77 83 35 26 101 105 126 53 106 110 108 90 32 36 97
170 32 36 97 11 67 42 17 44 6 2 14 47 24 4 15 21 31 102 41
11 67 42 17 45 6 2 14 47 24 4 15 21 31 102 41 25 5 15 21
105 106 110 65 53 108 90 32 36 97 11 67 42 17 45 6 2 14 48 22
110 65 53 108 90 32 36 97 11 67 42 17 45 6 2 14 48 22 56 78
53 107 91 34 37 98 12 68 43 18 39 7 3 10 46 23 57 79 76 50
5 15 21 31 103 175 111 113 109 84 51 60 73 89 70 95 59 72 86 66
5 15 21 31 103 29 30 69 109 84 51 60 73 89 70 95 59 72 86 66
86 66 20 85 52 61 74 8 0 1 16 38 77 83 35 26 101 171 54 27
8 0 1 16 38 77 83 35 26 101 105 106 110 65 53 108 90 32 36 97
78 75 49 62 94 96 71 19 55 28 80 71 19 64 53 55 28 80 82 115
77 83 35 26 101 105 58 53 106 110 108 90 32 36 97 11 67 42 17 44
15 21 31 103 29 30 69 167 141 130 163 111 113 150 95 59 72 86 66 20
106 104 106 104 106 104 65 53 106 110 108 90 32 36 97 11 67 42 17 45
170 32 36 97 11 67 42 17 44 6 2 14 47 24 4 15 21 31 102 41
5 15 21 31 103 29 30 69 109 84 51 60 73 89 70 95 59 72 86 66
29 30 69 109 84 51 60 73 89 70 95 59 72 86 66 20 85 52 61 74
47 24 4 15 21 31 102 41 25 5 15 21 31 103 29 30 69 109 84 51
102 121 111 113 169 21 31 103 29 30 69 109 84 51 60 73 89 70 95 59
2 14 47 24 4 15 21 31 102 41 25 5 15 21 31 103 175 111 113 109
86 66 20 85 52 61 74 8 0 1 16 38 77 83 35 26 101 105 106 110
112 105 106 110 65 53 108 92 33 37 98 12 68 43 18 40 7 3 9 46
101 105 58 53 106 110 108 90 32 36 97 11 67 42 17 44 6 2 13 48
14 47 24 4 15 21 31 102 41 25 5 15 21 31 111 111 111 113 109 84
24 4 15 21 31 102 41 25 5 15 21 31 103 29 30 69 109 84 51 60
74 8 0 1 16 38 77 83 35 26 101 105 126 53 106 110 108 90 32 36
110 108 90 32 36 97 11 67 42 17 44 6 2 13 48 22 56 78 75 49
169 21 31 103 29 30 69 109 84 51 60 73 89 70 95 59 72 86 66 20
4 15 21 31 102 41 25 5 15 21 31 103 29 30 69 109 84 51 60 73
25 5 15 21 31 103 175 111 113 109 84 51 60 73 89 70 95 59 72 86
73 89 70 95 59 72 86 66 20 85 52 61 74 8 0 1 16 38 77 83
53 112 110 108 92 33 37 98 12 68 43 18 39 7 3 10 46 23 57 79
101 105 126 53 106 110 108 90 32 36 97 11 67 42 17 44 6 2 13 48
113 169 21 31 103 29 30 69 109 84 51 60 73 89 70 95 59 72 86 66
21 31 102 41 25 5 15 21 31 103 29 30 69 109 84 51 60 73 89 70
37 98 12 68 43 18 39 7 3 10 46 23 57 79 76 50 63 81 100 88
37 98 12 68 43 18 40 7 3 9 46 23 57 79 76 50 63 81 100 88
4 15 21 31 102 121 111 113 169 21 31 103 29 30 69 109 84 51 60 73
52 61 74 8 0 1 16 38 77 83 35 26 101 105 176 53 106 110 108 90
61 74 8 0 1 16 38 77 83 35 26 101 105 126 53 106 110 108 90 32
67 42 17 44 6 2 14 47 24 4 15 21 31 102 41 25 5 15 21 31
20 85 52 61 74 8 0 1 16 38 77 83 35 26 101 171 54 27 80 82
44 6 2 13 48 22 56 78 75 49 62 94 96 71 19 58 53 55 28 80
32 36 97 11 67 42 17 44 6 2 13 48 22 56 78 75 49 62 93 99
106 110 108 90 32 36 97 11 67 42 17 44 6 2 13 48 22 56 78 75
61 74 8 0 1 16 38 77 83 35 26 101 105 58 53 106 110 108 90 32
95 59 72 86 66 20 85 52 61 74 8 0 1 16 38 77 83 35 26 101
45 6 2 14 48 22 56 78 75 49 62 94 96 71 19 65 53 55 28 80
91 34 37 98 12 68 43 18 40 7 3 9 46 23 57 79 76 50 63 81
106 110 108 90 32 36 97 11 67 42 17 44 6 2 13 48 22 56 78 75
139 143 158 145 122 138 118 6 2 14 47 24 4 15 21 31 102 41 25 5
52 61 74 8 0 1 16 38 77 83 35 26 101 105 106 110 65 53 108 90
26 101 105 58 53 106 110 108 90 32 36 97 11 67 42 17 44 6 2 13
106 104 65 53 106 110 108 90 32 36 97 11 67 42 17 45 6 2 14 48
109 84 51 60 73 89 70 95 59 72 86 66 20 85 52 61 74 8 0 1
43 18 40 7 3 9 46 23 57 79 76 50 63 81 96 71 19 55 28 80
6 2 14 48 22 56 78 75 49 62 94 96 71 19 65 53 55 28 80 82
106 110 65 53 108 90 32 36 97 11 67 42 17 45 6 2 14 48 22 56
15 21 31 103 175 111 113 109 84 51 60 73 89 70 95 59 72 86 66 20
42 17 45 6 2 14 47 24 4 15 21 31 102 41 25 5 15 21 31 103
36 97 11 67 42 17 44 6 2 13 48 22 56 78 75 49 62 93 99 87
101 105 126 53 106 110 108 90 32 36 97 11 67 42 17 44 6 2 13 48
85 52 61 74 8 0 1 16 38 77 83 35 26 101 105 126 53 106 110 108
112 110 108 92 33 37 98 12 68 43 18 39 7 3 10 46 23 57 79 76
15 21 31 102 41 25 5 15 21 31 111 111 111 113 109 84 51 60 73 89
114 65 53 107 91 34 37 98 12 68 43 18 39 7 3 10 46 23 57 79
51 60 73 89 70 95 59 72 86 66 20 85 52 61 74 8 0 1 16 38
34 37 98 12 68 43 18 40 7 3 9 46 23 57 79 76 50 63 81 100
97 11 67 42 17 45 6 2 14 48 22 56 78 75 49 62 94 96 71 19
183 179 97 11 67 42 17 168 6 2 133 47 24 4 15 21 31 102 41 25
21 31 103 29 30 69 109 84 51 60 73 89 70 95 59 72 86 66 20 85
65 53 108 90 32 36 97 11 67 42 17 45 6 2 14 48 22 56 78 75
104 106 104 65 53 106 110 108 90 32 36 97 11 67 42 17 45 6 2 14
83 35 26 101 105 106 110 65 53 108 90 32 36 97 11 67 42 17 45 6
37 98 12 68 43 18 40 7 3 9 46 23 57 79 76 50 63 81 100 88
54 27 80 82 182 112 110 65 53 108 90 32 36 97 11 67 42 17 45 6
114 107 123 32 36 97 11 67 42 17 44 6 2 13 48 22 56 78 75 49
31 103 29 30 69 109 84 51 60 73 89 70 95 59 72 86 66 20 85 52
110 108 92 33 37 98 12 68 43 18 39 7 3 10 46 23 57 79 76 50
25 5 15 21 31 111 111 111 113 109 84 51 60 73 89 70 95 59 72 86
90 32 36 97 11 67 42 17 45 6 2 14 48 22 56 78 75 49 62 94
106 104 106 104 106 104 65 53 106 110 108 90 32 36 97 11 67 42 17 45
121 111 113 169 21 31 103 29 30 69 109 84 51 60 73 89 70 95 59 72
0 1 16 38 77 83 35 26 101 105 176 53 106 110 108 90 32 36 97 11
44 6 2 13 48 22 56 78 75 49 62 94 96 71 19 58 53 55 28 80
51 60 73 89 70 95 59 72 86 66 20 85 52 61 74 8 0 1 16 38
65 53 137 127 62 147 184 77 83 35 26 136 170 32 36 97 11 67 42 17
98 12 68 43 18 39 7 3 10 46 23 57 79 76 50 63 81 100 88 117
47 24 4 15 21 31 102 41 25 5 15 21 31 103 175 111 113 109 84 51
21 31 102 41 25 5 15 21 31 103 29 30 69 167 141 130 163 111 113 150
52 61 74 8 0 1 16 38 77 83 35 26 101 105 58 53 106 110 108 90
170 32 36 97 11 67 42 17 44 6 2 14 47 24 4 15 21 31 102 41
35 26 101 105 126 53 106 110 108 90 32 36 97 11 67 42 17 44 6 2
36 97 11 67 42 17 45 6 2 14 48 22 56 78 75 49 62 94 96 71
95 59 72 86 66 20 85 52 61 74 8 0 1 16 38 77 83 35 26 101
126 53 106 110 108 90 32 36 97 11 67 42 17 44 6 2 13 48 22 56
0 1 16 38 77 83 35 26 101 171 54 27 80 82 182 112 110 65 53 108
11 67 42 17 168 6 2 133 47 24 4 15 21 31 102 41 25 5 15 21
53 107 91 34 37 98 12 68 43 18 40 7 3 9 46 23 57 79 76 50
53 107 91 34 37 98 12 68 43 18 39 7 3 10 46 23 57 79 76 50
11 67 42 17 168 6 2 133 47 24 4 15 21 31 102 41 25 5 15 21
6 2 13 48 22 56 78 75 49 62 94 96 71 19 55 28 80 71 19 64
107 92 33 37 98 12 68 43 18 40 7 3 9 46 23 57 79 76 50 63
30 69 167 141 130 163 111 113 150 95 59 72 86 66 20 85 52 61 74 8
112 159 58 53 106 104 106 110 108 92 33 37 98 12 68 43 18 40 7 3
43 18 39 7 3 10 46 23 57 79 76 50 63 81 154 70 95 59 156 131
85 52 61 74 8 0 1 16 38 77 83 35 26 101 105 106 110 65 53 108
37 98 12 68 43 18 40 7 3 9 46 23 57 79 76 50 63 81 96 71
10 46 23 57 79 76 50 63 81 154 70 95 59 156 131 111 119 65 53 54
41 25 5 15 21 31 103 29 30 69 109 84 51 60 73 89 70 95 59 72
7 3 9 46 23 57 79 76 50 63 81 96 71 19 55 28 80 82 115 64
83 35 26 101 105 176 53 106 110 108 90 32 36 97 11 67 42 17 44 6
125 112 105 106 110 65 53 108 92 33 37 98 12 68 43 18 40 7 3 9
146 135 166 17 45 6 2 14 47 24 4 15 21 31 102 121 111 113 169 21
53 106 110 108 90 32 36 97 11 67 42 17 44 6 2 13 48 22 56 78
104 106 110 108 92 33 37 98 12 68 43 18 40 7 3 9 46 23 57 79
6 2 133 47 24 4 15 21 31 102 41 25 5 15 21 31 103 29 30 69
106 110 65 53 108 90 32 36 97 11 67 42 17 45 6 2 14 48 22 56
37 98 12 68 43 18 39 7 3 10 46 23 57 79 76 50 63 81 100 88
140 2 14 47 24 4 15 21 31 102 41 25 5 15 21 31 103 29 30 69
78 75 49 62 94 96 71 19 55 28 80 71 19 64 53 55 28 80 82 115
97 11 67 42 17 168 6 2 133 47 24 4 15 21 31 102 41 25 5 15
74 8 0 1 16 38 77 83 35 26 101 171 54 27 80 82 182 112 110 65
1 16 38 77 83 35 26 101 105 126 53 106 110 108 90 32 36 97 11 67
106 104 106 110 108 92 33 37 98 12 68 43 18 40 7 3 9 46 23 57
160 164 139 143 158 145 122 138 118 6 2 14 47 24 4 15 21 31 102 41
31 102 121 111 113 169 21 31 103 29 30 69 109 84 51 60 73 89 70 95
135 166 17 45 6 2 14 47 24 4 15 21 31 102 121 111 113 169 21 31
34 37 98 12 68 43 18 39 7 3 10 46 23 57 79 76 50 63 81 100
31 102 41 25 5 15 21 31 111 111 111 113 109 84 51 60 73 89 70 95
35 26 136 170 32 36 97 11 67 42 17 44 6 2 14 47 24 4 15 21
77 83 35 26 101 105 176 53 106 110 108 90 32 36 97 11 67 42 17 44
53 107 91 34 37 98 12 68 43 18 39 7 3 10 46 23 57 79 76 50
83 35 26 101 105 58 53 106 110 108 90 32 36 97 11 67 42 17 44 6
106 104 106 104 106 104 65 53 106 110 108 90 32 36 97 11 67 42 17 45
122 138 118 6 2 14 47 24 4 15 21 31 102 41 25 5 15 21 31 103
1 16 38 77 83 35 26 101 105 106 110 65 53 108 90 32 36 97 11 67
33 37 98 12 68 43 18 39 7 3 10 46 23 57 79 76 50 63 81 100
107 91 34 37 98 12 68 43 18 40 7 3 9 46 23 57 79 76 50 63
20 85 52 61 74 8 0 1 16 38 77 83 35 26 101 105 106 110 65 53
80 82 182 112 110 65 53 108 90 32 36 97 11 67 42 17 45 6 2 14
104 65 53 106 104 106 104 106 104 65 53 106 110 108 90 32 36 97 11 67
52 61 74 8 0 1 16 38 77 83 35 26 101 171 54 27 80 82 182 112
8 0 1 16 38 77 83 35 26 101 105 58 53 106 110 108 90 32 36 97
31 102 41 25 5 15 21 31 103 29 30 69 109 84 51 60 73 89 70 95
1 16 38 77 83 35 26 101 105 106 110 65 53 108 90 32 36 97 11 67
65 53 106 110 108 90 32 36 97 11 67 42 17 45 6 2 14 48 22 56
15 21 31 102 41 25 5 15 21 31 103 29 30 69 109 84 51 60 73 89
30 69 167 141 130 163 111 113 150 95 59 72 86 66 20 85 52 61 74 8
51 60 73 89 70 95 59 72 86 66 20 85 52 61 74 8 0 1 16 38
38 77 83 35 26 101 105 106 110 65 53 108 90 32 36 97 11 67 42 17
167 141 130 163 111 113 150 95 59 72 86 66 20 85 52 61 74 8 0 1
108 90 32 36 97 11 67 42 17 45 6 2 14 48 22 56 78 75 49 62
124 112 110 65 53 108 90 32 36 97 11 67 42 17 44 6 2 13 48 22
84 51 60 73 89 70 95 59 72 86 66 20 85 52 61 74 8 0 1 16
20 85 52 61 74 8 0 1 16 38 77 83 35 26 101 105 106 110 65 53
17 45 6 2 14 48 22 56 78 75 49 62 94 96 71 19 55 28 80 82
90 32 36 97 11 67 42 17 44 6 2 13 48 22 56 78 75 49 62 93
15 21 31 102 41 25 5 15 21 31 103 29 30 69 109 84 51 60 73 89
6 2 14 47 24 4 15 21 31 102 41 25 5 15 21 31 103 29 30 69
5 15 21 31 103 175 111 113 109 84 51 60 73 89 70 95 59 72 86 66
53 108 90 32 36 97 11 67 42 17 45 6 2 14 48 22 56 78 75 49
35 26 101 105 106 110 65 53 108 90 32 36 97 11 67 42 17 45 6 2
53 108 90 32 36 97 11 67 42 17 45 6 2 14 48 22 56 78 75 49
105 176 53 106 110 108 90 32 36 97 11 67 42 17 44 6 2 13 48 22
14 47 24 4 15 21 31 102 41 25 5 15 21 31 103 29 30 69 109 84
107 91 34 37 98 12 68 43 18 39 7 3 10 46 23 57 79 76 50 63
112 105 106 110 65 53 108 92 33 37 98 12 68 43 18 40 7 3 9 46
2 14 47 24 4 15 21 31 102 41 25 5 15 21 31 103 175 111 113 109
35 26 101 105 106 110 65 53 108 90 32 36 97 11 67 42 17 45 6 2
12 68 43 18 39 7 3 10 46 23 57 79 76 50 63 81 154 70 95 59
102 41 25 5 15 21 31 103 29 30 69 109 84 51 60 73 89 70 95 59
113 109 84 51 60 73 89 70 95 59 72 86 66 20 85 52 61 74 8 0
77 83 35 26 101 105 58 53 106 110 108 90 32 36 97 11 67 42 17 44
73 89 70 95 59 72 86 66 20 85 52 61 74 8 0 1 16 38 77 83
59 72 86 66 20 85 52 61 74 8 0 1 16 38 77 83 35 26 101 171
6 2 14 47 24 4 15 21 31 102 41 25 5 15 21 31 103 29 30 69
86 66 20 85 52 61 74 8 0 1 16 38 77 83 35 26 101 105 126 53
0 1 16 38 77 83 35 26 101 171 54 27 80 82 182 112 110 65 53 108
53 106 104 106 110 108 92 33 37 98 12 68 43 18 40 7 3 9 46 23
161 140 2 14 47 24 4 15 21 31 102 41 25 5 15 21 31 103 29 30
38 77 83 35 26 101 171 54 27 80 82 182 112 110 65 53 108 90 32 36
60 73 89 70 95 59 72 86 66 20 85 52 61 74 8 0 1 16 38 77
72 86 66 20 85 52 61 74 8 0 1 16 38 77 83 35 26 101 105 106
31 102 41 25 5 15 21 31 103 29 30 69 109 84 51 60 73 89 70 95
8 0 1 16 38 77 83 35 26 101 105 176 53 106 110 108 90 32 36 97
66 20 85 52 61 74 8 0 1 16 38 77 83 35 26 101 105 58 53 106
35 26 136 170 32 36 97 11 67 42 17 44 6 2 14 47 24 4 15 21
47 24 4 15 21 31 102 41 25 5 15 21 31 103 29 30 69 109 84 51
125 58 53 112 110 108 92 33 37 98 12 68 43 18 39 7 3 10 46 23
111 111 111 113 109 84 51 60 73 89 70 95 59 72 86 66 20 85 52 61
49 62 178 120 144 83 35 162 54 27 80 82 165 107 180 160 164 139 143 158
107 180 160 164 139 143 158 145 122 138 118 6 2 14 47 24 4 15 21 31
15 21 31 103 29 30 69 109 84 51 60 73 89 70 95 59 72 86 66 20
74 8 0 1 16 38 77 83 35 26 101 171 54 27 80 82 182 112 110 65
5 15 21 31 103 29 30 69 109 84 51 60 73 89 70 95 59 72 86 66
157 75 49 62 178 120 144 83 35 162 54 27 80 82 165 107 180 160 164 139
108 92 33 37 98 12 68 43 18 40 7 3 9 46 23 57 79 76 50 63
173 54 27 80 82 172 112 110 108 92 33 37 98 12 68 43 18 39 7 3
30 69 109 84 51 60 73 89 70 95 59 72 86 66 20 85 52 61 74 8
38 77 83 35 26 101 105 176 53 106 110 108 90 32 36 97 11 67 42 17
33 37 98 12 68 43 18 40 7 3 9 46 23 57 79 76 50 63 81 100
164 139 143 158 145 122 138 118 6 2 14 47 24 4 15 21 31 102 41 25
97 11 67 42 17 44 6 2 13 48 22 56 78 75 49 62 93 99 87 116
52 61 74 8 0 1 16 38 77 83 35 26 101 105 176 53 106 110 108 90
105 106 110 65 53 108 92 33 37 98 12 68 43 18 40 7 3 9 46 23
17 44 6 2 13 48 22 56 78 75 49 62 94 96 71 19 55 28 80 71
2 14 48 22 56 78 75 49 62 94 96 71 19 55 28 80 82 115 64 53
30 69 109 84 51 60 73 89 70 95 59 72 86 66 20 85 52 61 74 8
105 106 110 65 53 108 92 33 37 98 12 68 43 18 40 7 3 9 46 23
24 4 15 21 31 102 41 25 5 15 21 31 103 175 111 113 109 84 51 60
171 54 27 80 82 182 112 110 65 53 108 90 32 36 97 11 67 42 17 45
41 25 5 15 21 31 103 175 111 113 109 84 51 60 73 89 70 95 59 72
35 26 101 105 106 110 65 53 108 90 32 36 97 11 67 42 17 45 6 2
114 65 53 107 91 34 37 98 12 68 43 18 39 7 3 10 46 23 57 79
15 21 31 102 41 25 5 15 21 31 103 175 111 113 109 84 51 60 73 89
53 108 92 33 37 98 12 68 43 18 40 7 3 9 46 23 57 79 76 50
21 31 103 29 30 69 167 141 130 163 111 113 150 95 59 72 86 66 20 85
44 6 2 14 47 24 4 15 21 31 102 41 25 5 15 21 31 103 29 30
166 17 45 6 2 14 47 24 4 15 21 31 102 121 111 113 169 21 31 103
102 41 25 5 15 21 31 103 29 30 69 109 84 51 60 73 89 70 95 59
61 74 8 0 1 16 38 77 83 35 26 101 105 106 110 65 53 108 90 32
84 51 60 73 89 70 95 59 72 86 66 20 85 52 61 74 8 0 1 16
61 74 8 0 1 16 38 77 83 35 26 101 105 106 110 65 53 108 90 32
47 24 4 15 21 31 102 121 111 113 169 21 31 103 29 30 69 109 84 51
2 14 47 24 4 15 21 31 102 41 25 5 15 21 31 103 29 30 69 109
107 91 34 37 98 12 68 43 18 39 7 3 10 46 23 57 79 76 50 63
56 78 75 49 62 94 96 71 19 55 28 80 71 19 64 53 55 28 80 82
85 52 61 74 8 0 1 16 38 77 83 35 26 101 105 176 53 106 110 108
97 11 67 42 17 45 6 2 14 47 24 4 15 21 31 102 41 25 5 15
104 65 53 106 104 106 104 106 104 65 53 106 110 108 90 32 36 97 11 67
91 34 37 98 12 68 43 18 40 7 3 9 46 23 57 79 76 50 63 81
72 86 66 20 85 52 61 74 8 0 1 16 38 77 83 35 26 101 171 54
91 34 37 98 12 68 43 18 39 7 3 10 46 23 57 79 76 50 63 81
101 105 126 53 106 110 108 90 32 36 97 11 67 42 17 44 6 2 13 48
66 20 85 52 61 74 8 0 1 16 38 77 83 35 26 101 105 176 53 106
51 60 73 89 70 95 59 72 86 66 20 85 52 61 74 8 0 1 16 38
35 26 101 105 106 110 65 53 108 90 32 36 97 11 67 42 17 45 6 2
77 83 35 26 101 105 176 53 106 110 108 90 32 36 97 11 67 42 17 44
126 53 106 110 108 90 32 36 97 11 67 42 17 44 6 2 13 48 22 56
61 74 8 0 1 16 38 77 83 35 26 101 105 106 110 65 53 108 90 32
102 41 25 5 15 21 31 103 29 30 69 109 84 51 60 73 89 70 95 59
48 22 56 78 75 49 62 94 96 71 19 58 53 55 28 80 82 115 64 53
73 89 70 95 59 72 86 66 20 85 52 61 74 8 0 1 16 38 77 83
3 9 46 23 57 79 76 50 63 81 96 71 19 55 28 80 82 115 64 53
74 8 0 1 16 38 77 83 35 26 101 105 106 110 65 53 108 90 32 36
42 17 44 6 2 13 48 22 56 78 75 49 62 94 96 71 19 58 53 55
35 26 101 105 106 110 65 53 108 90 32 36 97 11 67 42 17 45 6 2
106 110 108 92 33 37 98 12 68 43 18 40 7 3 9 46 23 57 79 76
74 8 0 1 16 38 77 83 35 26 101 105 126 53 106 110 108 90 32 36
101 171 54 27 80 82 182 112 110 65 53 108 90 32 36 97 11 67 42 17
2 14 47 24 4 15 21 31 102 41 25 5 15 21 31 103 29 30 69 109
52 61 74 8 0 1 16 38 77 83 35 26 101 105 106 110 65 53 108 90
33 37 98 12 68 43 18 39 7 3 10 46 23 57 79 76 50 63 81 100
53 108 90 32 36 97 11 67 42 17 45 6 2 14 48 22 56 78 75 49
2 14 47 24 4 15 21 31 102 41 25 5 15 21 31 111 111 111 113 109
24 4 15 21 31 102 121 111 113 169 21 31 103 29 30 69 109 84 51 60
36 97 11 67 42 17 44 6 2 13 48 22 56 78 75 49 62 93 99 87
112 110 108 92 33 37 98 12 68 43 18 39 7 3 10 46 23 57 79 76
160 164 139 143 158 145 122 138 118 6 2 14 47 24 4 15 21 31 102 41
164 139 143 158 145 122 138 118 6 2 14 47 24 4 15 21 31 102 41 25
114 107 91 34 37 98 12 68 43 18 39 7 3 10 46 23 57 79 76 50
111 155 54 27 80 82 124 112 110 65 53 108 90 32 36 97 11 67 42 17
77 83 35 26 101 105 106 110 65 53 108 90 32 36 97 11 67 42 17 45
162 54 27 80 82 165 107 180 160 164 139 143 158 145 122 138 118 6 2 14
47 24 4 15 21 31 102 41 25 5 15 21 31 103 29 30 69 167 141 130
35 26 101 171 54 27 80 82 182 112 110 65 53 108 90 32 36 97 11 67
24 4 15 21 31 102 41 25 5 15 21 31 111 111 111 113 109 84 51 60
83 35 26 101 105 106 110 65 53 108 90 32 36 97 11 67 42 17 45 6
176 53 106 110 108 90 32 36 97 11 67 42 17 44 6 2 13 48 22 56
103 29 30 69 109 84 51 60 73 89 70 95 59 72 86 66 20 85 52 61
41 25 5 15 21 31 111 111 111 113 109 84 51 60 73 89 70 95 59 72
172 112 110 108 92 33 37 98 12 68 43 18 39 7 3 10 46 23 57 79
17 44 6 2 13 48 22 56 78 75 49 62 94 96 71 19 58 53 55 28
77 83 35 26 136 170 32 36 97 11 67 42 17 44 6 2 14 47 24 4
78 75 49 62 94 96 71 19 55 28 80 71 19 64 53 55 28 80 82 115
38 77 83 35 26 101 171 54 27 80 82 182 112 110 65 53 108 90 32 36
36 97 11 67 42 17 45 6 2 14 48 22 56 78 75 49 62 94 96 71
4 15 21 31 102 41 25 5 15 21 31 103 29 30 69 109 84 51 60 73
0 1 16 38 77 83 35 26 101 105 106 110 65 53 108 90 32 36 97 11
5 15 21 31 103 29 30 69 109 84 51 60 73 89 70 95 59 72 86 66
177 97 11 67 42 17 44 6 2 14 47 24 4 15 21 31 102 41 25 5
26 101 105 106 104 65 53 106 104 106 104 106 104 65 53 106 110 108 90 32
38 77 83 35 26 101 105 176 53 106 110 108 90 32 36 97 11 67 42 17
91 34 37 98 12 68 43 18 39 7 3 10 46 23 57 79 76 50 63 81
111 111 113 109 84 51 60 73 89 70 95 59 72 86 66 20 85 52 61 74
163 111 113 150 95 59 72 86 66 20 85 52 61 74 8 0 1 16 38 77
33 37 98 12 68 43 18 40 7 3 9 46 23 57 79 76 50 63 81 100
98 12 68 43 18 39 7 3 10 46 23 57 79 76 50 63 81 154 70 95
74 8 0 1 16 38 77 83 35 26 101 105 58 53 106 110 108 90 32 36
90 32 36 97 11 67 42 17 45 6 2 14 48 22 56 78 75 49 62 93
0 1 16 38 77 83 35 26 101 105 126 53 106 110 108 90 32 36 97 11
102 41 25 5 15 21 31 103 29 30 69 109 84 51 60 73 89 70 95 59
98 12 68 43 18 40 7 3 9 46 23 57 79 76 50 63 81 100 88 117
20 85 52 61 74 8 0 1 16 38 77 83 35 26 101 105 106 110 65 53
0 1 16 38 77 83 35 26 101 105 106 110 65 53 108 90 32 36 97 11
67 42 17 45 6 2 14 48 22 56 78 75 49 62 94 96 71 19 55 28
2 14 47 24 4 15 21 31 102 41 25 5 15 21 31 111 111 111 113 109
17 44 6 2 14 47 24 4 15 21 31 102 41 25 5 15 21 31 111 111
42 17 168 6 2 133 47 24 4 15 21 31 102 41 25 5 15 21 31 103
47 24 4 15 21 31 102 41 25 5 15 21 31 103 29 30 69 167 141 130
66 20 85 52 61 74 8 0 1 16 38 77 83 35 26 101 105 106 110 65
85 52 61 74 8 0 1 16 38 77 83 35 26 101 105 58 53 106 110 108
68 43 18 40 7 3 9 46 23 57 79 76 50 63 81 96 71 19 55 28
65 53 108 92 33 37 98 12 68 43 18 40 7 3 9 46 23 57 79 76
102 41 25 5 15 21 31 103 29 30 69 109 84 51 60 73 89 70 95 59
52 61 74 8 0 1 16 38 77 83 35 26 101 105 106 110 65 53 108 90
106 104 65 53 106 110 108 90 32 36 97 11 67 42 17 45 6 2 14 48
74 8 0 1 16 38 77 83 35 26 101 105 176 53 106 110 108 90 32 36
60 73 89 70 95 59 72 86 66 20 85 52 61 74 8 0 1 16 38 77
72 86 66 20 85 52 61 74 8 0 1 16 38 77 83 35 26 101 105 106
108 90 32 36 97 11 67 42 17 45 6 2 14 48 22 56 78 75 49 62
112 110 108 92 33 37 98 12 68 43 18 39 7 3 10 46 23 57 79 76
17 44 6 2 14 47 24 4 15 21 31 102 41 25 5 15 21 31 103 29
6 2 14 48 22 56 78 75 49 62 94 96 71 19 55 28 80 82 115 64
35 26 101 105 106 110 65 53 108 90 32 36 97 11 67 42 17 45 6 2
74 8 0 1 16 38 77 83 35 26 101 171 54 27 80 82 182 112 110 65
91 34 37 98 12 68 43 18 39 7 3 10 46 23 57 79 76 50 63 81
112 110 108 92 33 37 98 12 68 43 18 39 7 3 10 46 23 57 79 76
108 90 32 36 97 11 67 42 17 45 6 2 14 48 22 56 78 75 49 62
15 21 31 102 41 25 5 15 21 31 103 29 30 69 109 84 51 60 73 89
37 98 12 68 43 18 40 7 3 9 46 23 57 79 76 50 63 81 100 88
112 110 108 92 33 37 98 12 68 43 18 39 7 3 10 46 23 57 79 76
72 86 66 20 85 52 61 74 8 0 1 16 38 77 83 35 26 101 105 126
72 86 66 20 85 52 61 74 8 0 1 16 38 77 83 35 26 101 105 106
32 36 97 11 67 42 17 44 6 2 13 48 22 56 78 75 49 62 93 99
108 92 33 37 98 12 68 43 18 40 7 3 9 46 23 57 79 76 50 63
68 43 18 40 7 3 9 46 23 57 79 76 50 63 81 96 71 19 55 28
53 108 90 32 36 97 11 67 42 17 45 6 2 14 48 22 56 78 75 49
92 33 37 98 12 68 43 18 40 7 3 9 46 23 57 79 76 50 63 81
13 48 22 56 78 75 49 62 94 96 71 19 58 53 55 28 80 82 115 64
8 0 1 16 38 77 83 35 26 101 105 126 53 106 110 108 90 32 36 97
132 183 179 97 11 67 42 17 168 6 2 133 47 24 4 15 21 31 102 41
65 53 137 127 62 147 184 77 83 35 26 136 170 32 36 97 11 67 42 17
86 66 20 85 52 61 74 8 0 1 16 38 77 83 35 26 101 105 106 110
106 110 65 53 108 90 32 36 97 11 67 42 17 45 6 2 14 48 22 56
14 47 24 4 15 21 31 102 41 25 5 15 21 31 111 111 111 113 109 84
4 15 21 31 102 41 25 5 15 21 31 103 29 30 69 109 84 51 60 73
42 17 168 6 2 133 47 24 4 15 21 31 102 41 25 5 15 21 31 103
124 112 110 65 53 108 90 32 36 97 11 67 42 17 44 6 2 13 48 22
146 135 166 17 45 6 2 14 47 24 4 15 21 31 102 121 111 113 169 21
16 38 77 83 35 26 101 105 58 53 106 110 108 90 32 36 97 11 67 42
16 38 77 83 35 26 101 105 106 110 65 53 108 90 32 36 97 11 67 42
0 1 16 38 77 83 35 26 101 105 106 110 65 53 108 90 32 36 97 11
66 20 85 52 61 74 8 0 1 16 38 77 83 35 26 101 171 54 27 80
47 24 4 15 21 31 102 41 25 5 15 21 31 103 29 30 69 109 84 51
31 103 29 30 69 109 84 51 60 73 89 70 95 59 72 86 66 20 85 52
46 23 57 79 76 50 63 81 154 70 95 59 156 131 111 119 65 53 54 27
59 72 86 66 20 85 52 61 74 8 0 1 16 38 77 83 35 26 101 105
110 65 53 108 90 32 36 97 11 67 42 17 44 6 2 13 48 22 56 78
102 41 25 5 15 21 31 103 29 30 69 109 84 51 60 73 89 70 95 59
32 36 97 11 67 42 17 44 6 2 14 47 24 4 15 21 31 102 41 25
16 38 77 83 35 26 101 105 126 53 106 110 108 90 32 36 97 11 67 42
105 58 53 106 110 108 90 32 36 97 11 67 42 17 44 6 2 13 48 22
15 21 31 102 41 25 5 15 21 31 103 29 30 69 167 141 130 163 111 113
180 160 164 139 143 158 145 122 138 118 6 2 14 47 24 4 15 21 31 102
67 42 17 44 6 2 14 47 24 4 15 21 31 102 41 25 5 15 21 31
42 17 45 6 2 14 48 22 56 78 75 49 62 94 96 71 19 65 53 55
178 120 144 83 35 162 54 27 80 82 165 107 180 160 164 139 143 158 145 122
61 74 8 0 1 16 38 77 83 35 26 101 105 106 110 65 53 108 90 32
82 182 112 110 65 53 108 90 32 36 97 11 67 42 17 45 6 2 14 48
104 65 53 106 104 106 104 106 104 65 53 106 110 108 90 32 36 97 11 67
2 14 47 24 4 15 21 31 102 41 25 5 15 21 31 111 111 111 113 109
89 70 95 59 72 86 66 20 85 52 61 74 8 0 1 16 38 77 83 35
97 11 67 42 17 44 6 2 13 48 22 56 78 75 49 62 93 99 87 116
92 33 37 98 12 68 43 18 39 7 3 10 46 23 57 79 76 50 63 81
91 34 37 98 12 68 43 18 40 7 3 9 46 23 57 79 76 50 63 81
26 101 105 58 53 106 110 108 90 32 36 97 11 67 42 17 44 6 2 13
90 32 36 97 11 67 42 17 45 6 2 14 48 22 56 78 75 49 62 93
21 31 102 41 25 5 15 21 31 103 29 30 69 167 141 130 163 111 113 150
25 5 15 21 31 103 29 30 69 167 141 130 163 111 113 150 95 59 72 86
65 53 106 110 108 90 32 36 97 11 67 42 17 45 6 2 14 48 22 56
17 45 6 2 14 48 22 56 78 75 49 62 94 96 71 19 55 28 80 82
108 90 32 36 97 11 67 42 17 44 6 2 13 48 22 56 78 75 49 62
61 74 8 0 1 16 38 77 83 35 26 101 105 126 53 106 110 108 90 32
11 67 42 17 44 6 2 14 47 24 4 15 21 31 102 41 25 5 15 21
143 158 145 122 138 118 6 2 14 47 24 4 15 21 31 102 41 25 5 15
1 16 38 77 83 35 26 101 105 58 53 106 110 108 90 32 36 97 11 67
4 15 21 31 102 121 111 113 169 21 31 103 29 30 69 109 84 51 60 73
33 37 98 12 68 43 18 40 7 3 9 46 23 57 79 76 50 63 81 100
61 74 8 0 1 16 38 77 83 35 26 101 105 106 110 65 53 108 90 32
6 2 14 47 24 4 15 21 31 102 41 25 5 15 21 31 103 29 30 69
108 90 32 36 97 11 67 42 17 44 6 2 13 48 22 56 78 75 49 62
174 149 151 107 92 33 37 98 12 68 43 18 40 7 3 9 46 23 57 79
82 124 112 110 65 53 108 90 32 36 97 11 67 42 17 44 6 2 13 48
110 108 90 32 36 97 11 67 42 17 44 6 2 13 48 22 56 78 75 49
42 17 168 6 2 133 47 24 4 15 21 31 102 41 25 5 15 21 31 103
72 86 66 20 85 52 61 74 8 0 1 16 38 77 83 35 26 101 171 54
108 90 32 36 97 11 67 42 17 45 6 2 14 48 22 56 78 75 49 62
111 113 109 84 51 60 73 89 70 95 59 72 86 66 20 85 52 61 74 8
35 26 101 105 176 53 106 110 108 90 32 36 97 11 67 42 17 44 6 2
90 32 36 97 11 67 42 17 44 6 2 13 48 22 56 78 75 49 62 94
51 60 73 89 70 95 59 72 86 66 20 85 52 61 74 8 0 1 16 38
83 35 26 101 105 106 110 65 53 108 90 32 36 97 11 67 42 17 45 6
68 43 18 40 7 3 9 46 23 57 79 76 50 63 81 96 71 19 55 28
113 150 95 59 72 86 66 20 85 52 61 74 8 0 1 16 38 77 83 35
13 48 22 56 78 75 49 62 94 96 71 19 55 28 80 71 19 64 53 55
82 182 112 110 65 53 108 90 32 36 97 11 67 42 17 45 6 2 14 48
102 41 25 5 15 21 31 103 29 30 69 109 84 51 60 73 89 70 95 59
107 180 160 164 139 143 158 145 122 138 118 6 2 14 47 24 4 15 21 31
110 108 92 33 37 98 12 68 43 18 40 7 3 9 46 23 57 79 76 50
29 30 69 109 84 51 60 73 89 70 95 59 72 86 66 20 85 52 61 74
60 73 89 70 95 59 72 86 66 20 85 52 61 74 8 0 1 16 38 77
18 39 7 3 10 46 23 57 79 76 50 63 81 154 70 95 59 156 131 111
110 108 90 32 36 97 11 67 42 17 44 6 2 13 48 22 56 78 75 49
2 14 47 24 4 15 21 31 102 41 25 5 15 21 31 111 111 111 113 109
70 95 59 72 86 66 20 85 52 61 74 8 0 1 16 38 77 83 35 26
69 109 84 51 60 73 89 70 95 59 72 86 66 20 85 52 61 74 8 0
15 21 31 102 41 25 5 15 21 31 103 29 30 69 109 84 51 60 73 89
37 98 12 68 43 18 40 7 3 9 46 23 57 79 76 50 63 81 100 88
15 21 31 102 41 25 5 15 21 31 103 29 30 69 109 84 51 60 73 89
1 16 38 77 83 35 26 101 105 106 110 65 53 108 90 32 36 97 11 67
30 69 167 141 130 163 111 113 150 95 59 72 86 66 20 85 52 61 74 8
47 24 4 15 21 31 102 41 25 5 15 21 31 103 29 30 69 109 84 51
58 53 111 155 54 27 80 82 124 112 110 65 53 108 90 32 36 97 11 67
38 77 83 35 26 101 105 106 110 65 53 108 90 32 36 97 11 67 42 17
97 11 67 42 17 44 6 2 14 47 24 4 15 21 31 102 41 25 5 15
52 61 74 8 0 1 16 38 77 83 35 26 101 105 106 110 65 53 108 90
72 86 66 20 85 52 61 74 8 0 1 16 38 77 83 35 26 101 105 106
98 12 68 43 18 39 7 3 10 46 23 57 79 76 50 63 81 100 88 117
97 11 67 42 17 44 6 2 14 47 24 4 15 21 31 102 41 25 5 15
33 37 98 12 68 43 18 40 7 3 9 46 23 57 79 76 50 63 81 100
89 70 95 59 72 86 66 20 85 52 61 74 8 0 1 16 38 77 83 35
89 70 95 59 72 86 66 20 85 52 61 74 8 0 1 16 38 77 83 35
45 6 2 14 47 24 4 15 21 31 102 41 25 5 15 21 31 103 29 30
165 107 180 160 164 139 143 158 145 122 138 118 6 2 14 47 24 4 15 21
84 51 60 73 89 70 95 59 72 86 66 20 85 52 61 74 8 0 1 16
107 180 160 164 139 143 158 145 122 138 118 6 2 14 47 24 4 15 21 31
83 35 162 54 27 80 82 165 107 180 160 164 139 143 158 145 122 138 118 6
15 21 31 102 41 25 5 15 21 31 111 111 111 113 109 84 51 60 73 89
122 138 118 6 2 14 47 24 4 15 21 31 102 41 25 5 15 21 31 103
110 108 92 33 37 98 12 68 43 18 39 7 3 10 46 23 57 79 76 50
3 10 46 23 57 79 76 50 63 81 154 70 95 59 156 131 111 119 65 53
112 110 65 53 108 90 32 36 97 11 67 42 17 45 6 2 14 48 22 56
157 75 49 62 178 120 144 83 35 162 54 27 80 82 165 107 180 160 164 139
114 112 173 54 27 80 82 172 112 110 108 92 33 37 98 12 68 43 18 39
2 13 48 22 56 78 75 49 62 94 96 71 19 58 53 55 28 80 82 115
5 15 21 31 103 29 30 69 167 141 130 163 111 113 150 95 59 72 86 66
33 37 98 12 68 43 18 40 7 3 9 46 23 57 79 76 50 63 81 100
83 35 26 136 170 32 36 97 11 67 42 17 44 6 2 14 47 24 4 15
36 97 11 67 42 17 45 6 2 14 48 22 56 78 75 49 62 93 99 87
0 1 16 38 77 83 35 26 101 171 54 27 80 82 182 112 110 65 53 108
153 35 26 101 105 106 104 65 53 106 104 106 104 106 104 65 53 106 110 108
180 160 164 139 143 158 145 122 138 118 6 2 14 47 24 4 15 21 31 102