8 9 13 15 2 14 1 5 6 16 19 20 11 17 18 10 11 12 23 3
2 14 1 12 5 6 16 19 20 11 17 18 10 7 25 11 3 4 4 4
32 2 14 12 1 5 6 16 19 20 11 10 19 18 7 13 18 3 4 4
29 2 14 12 1 5 6 16 19 20 11 10 16 18 7 13 28 3 4 4
8 9 32 2 14 12 1 5 6 16 19 20 11 10 19 18 7 13 18 3
2 14 12 1 5 6 16 19 20 11 10 16 18 7 13 28 3 4 4 4
26 8 9 21 2 14 1 12 5 6 16 5 19 20 11 17 18 7 13 17
9 29 2 14 12 1 5 6 16 19 20 11 10 16 18 7 13 28 3 4
8 9 21 2 14 1 12 5 6 16 5 19 20 11 17 18 7 13 17 3
8 9 22 8 9 13 15 2 14 1 5 6 16 19 20 11 17 18 10 11
2 14 12 1 5 6 16 19 20 11 10 16 18 7 13 28 3 4 4 4
9 13 15 2 14 1 5 6 16 19 20 11 17 18 10 11 12 23 3 4
9 29 2 14 12 1 5 6 16 19 20 11 10 16 18 7 13 28 3 4
8 9 22 8 9 13 15 2 14 1 5 6 16 19 20 11 17 18 10 11
8 9 13 15 2 14 1 5 6 16 19 20 11 17 18 7 12 10 18 3
2 14 12 1 5 6 16 19 20 11 10 19 18 7 13 18 3 4 4 4
31 2 14 1 12 5 6 16 19 20 11 17 18 10 7 25 11 3 4 4
9 13 15 2 14 1 5 6 16 19 20 11 17 18 7 12 10 18 3 4
8 9 13 15 2 14 1 5 6 16 19 20 11 17 18 10 11 12 23 3
8 9 29 2 14 12 1 5 6 16 19 20 11 10 16 18 7 13 28 3
8 9 32 2 14 12 1 5 6 16 19 20 11 10 19 18 7 13 18 3
2 14 12 1 5 6 16 19 20 11 10 19 18 7 13 18 3 4 4 4
13 15 2 14 1 5 6 16 19 20 11 17 18 7 12 10 18 3 4 4
9 30 2 14 12 1 5 6 16 19 20 11 10 19 18 7 13 18 3 4
8 9 13 15 2 14 1 5 6 16 19 20 11 17 18 10 11 12 23 3
2 14 12 1 5 6 16 19 20 11 10 19 18 7 13 18 3 4 4 4
8 9 21 2 14 1 12 5 6 16 5 19 20 11 17 18 7 13 17 3
9 31 2 14 1 12 5 6 16 19 20 11 17 18 10 7 25 11 3 4
9 26 8 9 21 2 14 1 12 5 6 16 5 19 20 11 17 18 7 13
27 8 9 32 2 14 12 1 5 6 16 19 20 11 10 19 18 7 13 18
2 14 12 1 5 6 16 19 20 11 10 19 18 7 13 18 3 4 4 4
29 2 14 12 1 5 6 16 19 20 11 10 16 18 7 13 28 3 4 4
8 9 27 8 9 32 2 14 12 1 5 6 16 19 20 11 10 19 18 7
9 26 8 9 21 2 14 1 12 5 6 16 5 19 20 11 17 18 7 13
30 2 14 12 1 5 6 16 19 20 11 10 19 18 7 13 18 3 4 4
9 22 8 9 13 15 2 14 1 5 6 16 19 20 11 17 18 10 11 12
13 15 2 14 1 5 6 16 19 20 11 17 18 7 12 10 18 3 4 4
8 9 13 15 2 14 1 5 6 16 19 20 11 17 18 10 11 12 23 3
30 2 14 12 1 5 6 16 19 20 11 10 19 18 7 13 18 3 4 4
8 9 13 15 2 14 1 5 6 16 19 20 11 17 18 10 11 12 23 3
8 9 27 8 9 32 2 14 12 1 5 6 16 19 20 11 10 19 18 7
9 27 8 9 32 2 14 12 1 5 6 16 19 20 11 10 19 18 7 13
8 9 30 2 14 12 1 5 6 16 19 20 11 10 19 18 7 13 18 3
9 13 15 2 14 1 5 6 16 19 20 11 17 18 10 11 12 23 3 4
8 9 32 2 14 12 1 5 6 16 19 20 11 10 19 18 7 13 18 3
9 32 2 14 12 1 5 6 16 19 20 11 10 19 18 7 13 18 3 4
27 8 9 32 2 14 12 1 5 6 16 19 20 11 10 19 18 7 13 18
9 32 2 14 12 1 5 6 16 19 20 11 10 19 18 7 13 18 3 4
27 8 9 32 2 14 12 1 5 6 16 19 20 11 10 19 18 7 13 18
26 8 9 21 2 14 1 12 5 6 16 5 19 20 11 17 18 7 13 17
8 9 29 2 14 12 1 5 6 16 19 20 11 10 16 18 7 13 28 3
2 14 12 1 5 6 16 19 20 11 10 16 18 7 13 28 3 4 4 4
8 9 31 2 14 1 12 5 6 16 19 20 11 17 18 10 7 25 11 3
9 30 2 14 12 1 5 6 16 19 20 11 10 19 18 7 13 18 3 4
9 26 8 9 21 2 14 1 12 5 6 16 5 19 20 11 17 18 7 13
8 9 29 2 14 12 1 5 6 16 19 20 11 10 16 18 7 13 28 3
8 9 26 8 9 21 2 14 1 12 5 6 16 5 19 20 11 17 18 7
8 9 31 2 14 1 12 5 6 16 19 20 11 17 18 10 7 25 11 3
8 9 32 2 14 12 1 5 6 16 19 20 11 10 19 18 7 13 18 3
9 10 12 15 2 14 1 5 6 16 19 20 11 17 18 7 12 7 3 4
26 8 9 21 2 14 1 12 5 6 16 5 19 20 11 17 18 7 13 17
8 9 27 8 9 32 2 14 12 1 5 6 16 19 20 11 10 19 18 7
27 8 9 32 2 14 12 1 5 6 16 19 20 11 10 19 18 7 13 18
8 9 13 15 2 14 1 5 6 16 19 20 11 17 18 7 12 10 18 3
2 14 12 1 5 6 16 19 20 11 10 16 18 7 13 28 3 4 4 4
9 26 8 9 21 2 14 1 12 5 6 16 5 19 20 11 17 18 7 13
22 8 9 13 15 2 14 1 5 6 16 19 20 11 17 18 10 11 12 23
8 9 29 2 14 12 1 5 6 16 19 20 11 10 16 18 7 13 28 3
29 2 14 12 1 5 6 16 19 20 11 10 16 18 7 13 28 3 4 4
9 27 8 9 32 2 14 12 1 5 6 16 19 20 11 10 19 18 7 13
9 10 12 15 2 14 1 5 6 16 19 20 11 17 18 7 12 7 3 4
27 8 9 32 2 14 12 1 5 6 16 19 20 11 10 19 18 7 13 18
8 9 13 15 2 14 1 5 6 16 19 20 11 17 18 7 12 10 18 3
2 14 12 1 5 6 16 19 20 11 10 19 18 7 13 18 3 4 4 4
8 9 13 15 2 14 1 5 6 16 19 20 11 17 18 7 12 10 18 3
2 14 1 12 5 6 16 19 20 11 17 18 10 7 25 11 3 4 4 4
30 2 14 12 1 5 6 16 19 20 11 10 19 18 7 13 18 3 4 4
8 9 27 8 9 32 2 14 12 1 5 6 16 19 20 11 10 19 18 7
8 9 10 12 15 2 14 1 5 6 16 19 20 11 17 18 7 12 7 3
9 30 2 14 12 1 5 6 16 19 20 11 10 19 18 7 13 18 3 4
30 2 14 12 1 5 6 16 19 20 11 10 19 18 7 13 18 3 4 4
8 9 10 12 15 2 14 1 5 6 16 19 20 11 17 18 7 12 7 3
27 8 9 32 2 14 12 1 5 6 16 19 20 11 10 19 18 7 13 18
2 14 12 1 5 6 16 19 20 11 10 16 18 7 13 28 3 4 4 4
2 14 12 1 5 6 16 19 20 11 10 16 18 7 13 28 3 4 4 4
8 9 30 2 14 12 1 5 6 16 19 20 11 10 19 18 7 13 18 3
9 30 2 14 12 1 5 6 16 19 20 11 10 19 18 7 13 18 3 4
8 9 13 15 2 14 1 5 6 16 19 20 11 17 18 10 11 12 23 3
8 9 32 2 14 12 1 5 6 16 19 20 11 10 19 18 7 13 18 3
27 8 9 32 2 14 12 1 5 6 16 19 20 11 10 19 18 7 13 18
2 14 12 1 5 6 16 19 20 11 10 19 18 7 13 18 3 4 4 4
31 2 14 1 12 5 6 16 19 20 11 17 18 10 7 25 11 3 4 4
9 27 8 9 32 2 14 12 1 5 6 16 19 20 11 10 19 18 7 13
8 9 13 15 2 14 1 5 6 16 19 20 11 17 18 10 11 12 23 3
8 9 22 8 9 13 15 2 14 1 5 6 16 19 20 11 17 18 10 11
8 9 10 12 15 2 14 1 5 6 16 19 20 11 17 18 7 12 7 3
8 9 13 15 2 14 1 5 6 16 19 20 11 17 18 10 11 12 23 3
13 15 2 14 1 5 6 16 19 20 11 17 18 7 12 10 18 3 4 4
2 14 12 1 5 6 16 19 20 11 10 19 18 7 13 18 3 4 4 4
8 9 27 8 9 32 2 14 12 1 5 6 16 19 20 11 10 19 18 7
9 13 15 2 14 1 5 6 16 19 20 11 17 18 10 11 12 23 3 4
8 9 30 2 14 12 1 5 6 16 19 20 11 10 19 18 7 13 18 3
8 9 21 2 14 1 12 5 6 16 5 19 20 11 17 18 7 13 17 3
30 2 14 12 1 5 6 16 19 20 11 10 19 18 7 13 18 3 4 4
9 32 2 14 12 1 5 6 16 19 20 11 10 19 18 7 13 18 3 4
9 29 2 14 12 1 5 6 16 19 20 11 10 16 18 7 13 28 3 4
9 10 12 15 2 14 1 5 6 16 19 20 11 17 18 7 12 7 3 4
8 9 13 15 2 14 1 5 6 16 19 20 11 17 18 10 11 12 23 3
9 31 2 14 1 12 5 6 16 19 20 11 17 18 10 7 25 11 3 4
29 2 14 12 1 5 6 16 19 20 11 10 16 18 7 13 28 3 4 4
9 27 8 9 32 2 14 12 1 5 6 16 19 20 11 10 19 18 7 13
2 14 12 1 5 6 16 19 20 11 10 16 18 7 13 28 3 4 4 4
2 14 12 1 5 6 16 19 20 11 10 16 18 7 13 28 3 4 4 4
2 14 12 1 5 6 16 19 20 11 10 19 18 7 13 18 3 4 4 4
9 31 2 14 1 12 5 6 16 19 20 11 17 18 10 7 25 11 3 4
9 13 15 2 14 1 5 6 16 19 20 11 17 18 10 11 12 23 3 4
9 29 2 14 12 1 5 6 16 19 20 11 10 16 18 7 13 28 3 4
26 8 9 21 2 14 1 12 5 6 16 5 19 20 11 17 18 7 13 17
31 2 14 1 12 5 6 16 19 20 11 17 18 10 7 25 11 3 4 4
9 32 2 14 12 1 5 6 16 19 20 11 10 19 18 7 13 18 3 4
26 8 9 21 2 14 1 12 5 6 16 5 19 20 11 17 18 7 13 17
8 9 21 2 14 1 12 5 6 16 5 19 20 11 17 18 7 13 17 3
13 15 2 14 1 5 6 16 19 20 11 17 18 7 12 10 18 3 4 4
8 9 30 2 14 12 1 5 6 16 19 20 11 10 19 18 7 13 18 3
8 9 27 8 9 32 2 14 12 1 5 6 16 19 20 11 10 19 18 7
2 14 1 12 5 6 16 19 20 11 17 18 10 7 25 11 3 4 4 4
8 9 13 15 2 14 1 5 6 16 19 20 11 17 18 7 12 10 18 3
29 2 14 12 1 5 6 16 19 20 11 10 16 18 7 13 28 3 4 4
9 29 2 14 12 1 5 6 16 19 20 11 10 16 18 7 13 28 3 4
9 27 8 9 32 2 14 12 1 5 6 16 19 20 11 10 19 18 7 13
22 8 9 13 15 2 14 1 5 6 16 19 20 11 17 18 10 11 12 23
8 9 27 8 9 32 2 14 12 1 5 6 16 19 20 11 10 19 18 7
8 9 27 8 9 32 2 14 12 1 5 6 16 19 20 11 10 19 18 7
2 14 1 12 5 6 16 19 20 11 17 18 10 7 25 11 3 4 4 4
9 31 2 14 1 12 5 6 16 19 20 11 17 18 10 7 25 11 3 4
9 13 15 2 14 1 5 6 16 19 20 11 17 18 7 12 10 18 3 4
9 13 15 2 14 1 5 6 16 19 20 11 17 18 7 12 10 18 3 4
22 8 9 13 15 2 14 1 5 6 16 19 20 11 17 18 10 11 12 23
2 14 12 1 5 6 16 19 20 11 10 19 18 7 13 18 3 4 4 4
2 14 12 1 5 6 16 19 20 11 10 19 18 7 13 18 3 4 4 4
9 22 8 9 13 15 2 14 1 5 6 16 19 20 11 17 18 10 11 12
8 9 30 2 14 12 1 5 6 16 19 20 11 10 19 18 7 13 18 3
8 9 30 2 14 12 1 5 6 16 19 20 11 10 19 18 7 13 18 3
8 9 31 2 14 1 12 5 6 16 19 20 11 17 18 10 7 25 11 3
9 13 15 2 14 1 5 6 16 19 20 11 17 18 10 11 12 23 3 4
13 15 2 14 1 5 6 16 19 20 11 17 18 7 12 10 18 3 4 4
9 22 8 9 13 15 2 14 1 5 6 16 19 20 11 17 18 10 11 12
13 15 2 14 1 5 6 16 19 20 11 17 18 7 12 10 18 3 4 4
8 9 13 15 2 14 1 5 6 16 19 20 11 17 18 7 12 10 18 3
9 31 2 14 1 12 5 6 16 19 20 11 17 18 10 7 25 11 3 4
8 9 26 8 9 21 2 14 1 12 5 6 16 5 19 20 11 17 18 7
26 8 9 21 2 14 1 12 5 6 16 5 19 20 11 17 18 7 13 17
9 27 8 9 32 2 14 12 1 5 6 16 19 20 11 10 19 18 7 13
2 14 1 12 5 6 16 19 20 11 17 18 10 7 25 11 3 4 4 4
9 10 12 15 2 14 1 5 6 16 19 20 11 17 18 7 12 7 3 4
29 2 14 12 1 5 6 16 19 20 11 10 16 18 7 13 28 3 4 4
8 9 13 15 2 14 1 5 6 16 19 20 11 17 18 7 12 10 18 3
8 9 22 8 9 13 15 2 14 1 5 6 16 19 20 11 17 18 10 11
9 13 15 2 14 1 5 6 16 19 20 11 17 18 7 12 10 18 3 4
8 9 32 2 14 12 1 5 6 16 19 20 11 10 19 18 7 13 18 3
9 22 8 9 13 15 2 14 1 5 6 16 19 20 11 17 18 10 11 12
9 27 8 9 32 2 14 12 1 5 6 16 19 20 11 10 19 18 7 13
2 14 12 1 5 6 16 19 20 11 10 19 18 7 13 18 3 4 4 4
32 2 14 12 1 5 6 16 19 20 11 10 19 18 7 13 18 3 4 4
8 9 10 12 15 2 14 1 5 6 16 19 20 11 17 18 7 12 7 3
9 22 8 9 13 15 2 14 1 5 6 16 19 20 11 17 18 10 11 12
13 15 2 14 1 5 6 16 19 20 11 17 18 7 12 10 18 3 4 4
13 15 2 14 1 5 6 16 19 20 11 17 18 7 12 10 18 3 4 4
8 9 10 12 15 2 14 1 5 6 16 19 20 11 17 18 7 12 7 3
8 9 13 15 2 14 1 5 6 16 19 20 11 17 18 7 12 10 18 3
2 14 12 1 5 6 16 19 20 11 10 19 18 7 13 18 3 4 4 4
8 9 31 2 14 1 12 5 6 16 19 20 11 17 18 10 7 25 11 3
9 30 2 14 12 1 5 6 16 19 20 11 10 19 18 7 13 18 3 4
2 14 12 1 5 6 16 19 20 11 10 19 18 7 13 18 3 4 4 4
22 8 9 13 15 2 14 1 5 6 16 19 20 11 17 18 10 11 12 23
8 9 32 2 14 12 1 5 6 16 19 20 11 10 19 18 7 13 18 3
8 9 13 15 2 14 1 5 6 16 19 20 11 17 18 10 11 12 23 3
27 8 9 32 2 14 12 1 5 6 16 19 20 11 10 19 18 7 13 18
8 9 30 2 14 12 1 5 6 16 19 20 11 10 19 18 7 13 18 3
9 31 2 14 1 12 5 6 16 19 20 11 17 18 10 7 25 11 3 4
22 8 9 13 15 2 14 1 5 6 16 19 20 11 17 18 10 11 12 23
2 14 12 1 5 6 16 19 20 11 10 16 18 7 13 28 3 4 4 4
8 9 13 15 2 14 1 5 6 16 19 20 11 17 18 10 11 12 23 3
8 9 29 2 14 12 1 5 6 16 19 20 11 10 16 18 7 13 28 3
8 9 13 15 2 14 1 5 6 16 19 20 11 17 18 10 11 12 23 3
9 27 8 9 32 2 14 12 1 5 6 16 19 20 11 10 19 18 7 13
27 8 9 32 2 14 12 1 5 6 16 19 20 11 10 19 18 7 13 18
8 9 30 2 14 12 1 5 6 16 19 20 11 10 19 18 7 13 18 3
2 14 12 1 5 6 16 19 20 11 10 19 18 7 13 18 3 4 4 4
2 14 12 1 5 6 16 19 20 11 10 16 18 7 13 28 3 4 4 4
2 14 12 1 5 6 16 19 20 11 10 19 18 7 13 18 3 4 4 4
8 9 21 2 14 1 12 5 6 16 5 19 20 11 17 18 7 13 17 3
8 9 31 2 14 1 12 5 6 16 19 20 11 17 18 10 7 25 11 3
8 9 13 15 2 14 1 5 6 16 19 20 11 17 18 7 12 10 18 3
8 9 22 8 9 13 15 2 14 1 5 6 16 19 20 11 17 18 10 11
8 9 32 2 14 12 1 5 6 16 19 20 11 10 19 18 7 13 18 3
31 2 14 1 12 5 6 16 19 20 11 17 18 10 7 25 11 3 4 4
9 32 2 14 12 1 5 6 16 19 20 11 10 19 18 7 13 18 3 4
22 8 9 13 15 2 14 1 5 6 16 19 20 11 17 18 10 11 12 23
9 32 2 14 12 1 5 6 16 19 20 11 10 19 18 7 13 18 3 4
27 8 9 32 2 14 12 1 5 6 16 19 20 11 10 19 18 7 13 18
2 14 12 1 5 6 16 19 20 11 10 19 18 7 13 18 3 4 4 4
9 22 8 9 13 15 2 14 1 5 6 16 19 20 11 17 18 10 11 12
9 22 8 9 13 15 2 14 1 5 6 16 19 20 11 17 18 10 11 12
31 2 14 1 12 5 6 16 19 20 11 17 18 10 7 25 11 3 4 4
8 9 27 8 9 32 2 14 12 1 5 6 16 19 20 11 10 19 18 7
9 32 2 14 12 1 5 6 16 19 20 11 10 19 18 7 13 18 3 4
8 9 13 15 2 14 1 5 6 16 19 20 11 17 18 7 12 10 18 3
8 9 32 2 14 12 1 5 6 16 19 20 11 10 19 18 7 13 18 3
8 9 13 15 2 14 1 5 6 16 19 20 11 17 18 7 12 10 18 3
29 2 14 12 1 5 6 16 19 20 11 10 16 18 7 13 28 3 4 4
9 13 15 2 14 1 5 6 16 19 20 11 17 18 10 11 12 23 3 4
9 32 2 14 12 1 5 6 16 19 20 11 10 19 18 7 13 18 3 4
8 9 31 2 14 1 12 5 6 16 19 20 11 17 18 10 7 25 11 3
8 9 30 2 14 12 1 5 6 16 19 20 11 10 19 18 7 13 18 3
8 9 32 2 14 12 1 5 6 16 19 20 11 10 19 18 7 13 18 3
8 9 13 15 2 14 1 5 6 16 19 20 11 17 18 7 12 10 18 3
31 2 14 1 12 5 6 16 19 20 11 17 18 10 7 25 11 3 4 4
8 9 13 15 2 14 1 5 6 16 19 20 11 17 18 10 11 12 23 3
27 8 9 32 2 14 12 1 5 6 16 19 20 11 10 19 18 7 13 18
2 14 12 1 5 6 16 19 20 11 10 19 18 7 13 18 3 4 4 4
22 8 9 13 15 2 14 1 5 6 16 19 20 11 17 18 10 11 12 23
26 8 9 21 2 14 1 12 5 6 16 5 19 20 11 17 18 7 13 17
9 22 8 9 13 15 2 14 1 5 6 16 19 20 11 17 18 10 11 12
8 9 13 15 2 14 1 5 6 16 19 20 11 17 18 7 12 10 18 3
29 2 14 12 1 5 6 16 19 20 11 10 16 18 7 13 28 3 4 4
8 9 30 2 14 12 1 5 6 16 19 20 11 10 19 18 7 13 18 3
9 31 2 14 1 12 5 6 16 19 20 11 17 18 10 7 25 11 3 4
9 13 15 2 14 1 5 6 16 19 20 11 17 18 10 11 12 23 3 4
9 27 8 9 32 2 14 12 1 5 6 16 19 20 11 10 19 18 7 13
8 9 10 12 15 2 14 1 5 6 16 19 20 11 17 18 7 12 7 3
2 14 12 1 5 6 16 19 20 11 10 19 18 7 13 18 3 4 4 4
8 9 21 2 14 1 12 5 6 16 5 19 20 11 17 18 7 13 17 3
8 9 29 2 14 12 1 5 6 16 19 20 11 10 16 18 7 13 28 3
22 8 9 13 15 2 14 1 5 6 16 19 20 11 17 18 10 11 12 23
8 9 13 15 2 14 1 5 6 16 19 20 11 17 18 10 11 12 23 3
26 8 9 21 2 14 1 12 5 6 16 5 19 20 11 17 18 7 13 17
2 14 12 1 5 6 16 19 20 11 10 19 18 7 13 18 3 4 4 4
8 9 10 12 15 2 14 1 5 6 16 19 20 11 17 18 7 12 7 3
27 8 9 32 2 14 12 1 5 6 16 19 20 11 10 19 18 7 13 18
2 14 12 1 5 6 16 19 20 11 10 19 18 7 13 18 3 4 4 4
32 2 14 12 1 5 6 16 19 20 11 10 19 18 7 13 18 3 4 4
8 9 10 12 15 2 14 1 5 6 16 19 20 11 17 18 7 12 7 3
9 29 2 14 12 1 5 6 16 19 20 11 10 16 18 7 13 28 3 4
27 8 9 32 2 14 12 1 5 6 16 19 20 11 10 19 18 7 13 18
2 14 1 12 5 6 16 19 20 11 17 18 10 7 25 11 3 4 4 4
31 2 14 1 12 5 6 16 19 20 11 17 18 10 7 25 11 3 4 4
9 32 2 14 12 1 5 6 16 19 20 11 10 19 18 7 13 18 3 4
9 29 2 14 12 1 5 6 16 19 20 11 10 16 18 7 13 28 3 4
8 9 26 8 9 21 2 14 1 12 5 6 16 5 19 20 11 17 18 7
8 9 13 15 2 14 1 5 6 16 19 20 11 17 18 7 12 10 18 3
26 8 9 21 2 14 1 12 5 6 16 5 19 20 11 17 18 7 13 17
2 14 1 12 5 6 16 19 20 11 17 18 10 7 25 11 3 4 4 4
9 22 8 9 13 15 2 14 1 5 6 16 19 20 11 17 18 10 11 12
9 27 8 9 32 2 14 12 1 5 6 16 19 20 11 10 19 18 7 13
8 9 29 2 14 12 1 5 6 16 19 20 11 10 16 18 7 13 28 3
9 26 8 9 21 2 14 1 12 5 6 16 5 19 20 11 17 18 7 13
2 14 12 1 5 6 16 19 20 11 10 16 18 7 13 28 3 4 4 4
9 31 2 14 1 12 5 6 16 19 20 11 17 18 10 7 25 11 3 4
2 14 12 1 5 6 16 19 20 11 10 19 18 7 13 18 3 4 4 4
2 14 12 1 5 6 16 19 20 11 10 19 18 7 13 18 3 4 4 4
9 29 2 14 12 1 5 6 16 19 20 11 10 16 18 7 13 28 3 4
8 9 32 2 14 12 1 5 6 16 19 20 11 10 19 18 7 13 18 3
8 9 13 15 2 14 1 5 6 16 19 20 11 17 18 7 12 10 18 3
8 9 13 15 2 14 1 5 6 16 19 20 11 17 18 7 12 10 18 3
29 2 14 12 1 5 6 16 19 20 11 10 16 18 7 13 28 3 4 4
32 2 14 12 1 5 6 16 19 20 11 10 19 18 7 13 18 3 4 4
9 10 12 15 2 14 1 5 6 16 19 20 11 17 18 7 12 7 3 4
30 2 14 12 1 5 6 16 19 20 11 10 19 18 7 13 18 3 4 4
8 9 30 2 14 12 1 5 6 16 19 20 11 10 19 18 7 13 18 3
2 14 12 1 5 6 16 19 20 11 10 16 18 7 13 28 3 4 4 4
9 13 15 2 14 1 5 6 16 19 20 11 17 18 7 12 10 18 3 4
9 13 15 2 14 1 5 6 16 19 20 11 17 18 7 12 10 18 3 4
8 9 26 8 9 21 2 14 1 12 5 6 16 5 19 20 11 17 18 7
2 14 12 1 5 6 16 19 20 11 10 16 18 7 13 28 3 4 4 4
9 31 2 14 1 12 5 6 16 19 20 11 17 18 10 7 25 11 3 4
30 2 14 12 1 5 6 16 19 20 11 10 19 18 7 13 18 3 4 4
9 10 12 15 2 14 1 5 6 16 19 20 11 17 18 7 12 7 3 4
8 9 26 8 9 21 2 14 1 12 5 6 16 5 19 20 11 17 18 7
8 9 32 2 14 12 1 5 6 16 19 20 11 10 19 18 7 13 18 3
2 14 1 12 5 6 16 19 20 11 17 18 10 7 25 11 3 4 4 4
9 13 15 2 14 1 5 6 16 19 20 11 17 18 10 11 12 23 3 4
22 8 9 13 15 2 14 1 5 6 16 19 20 11 17 18 10 11 12 23
8 9 13 15 2 14 1 5 6 16 19 20 11 17 18 10 11 12 23 3
9 13 15 2 14 1 5 6 16 19 20 11 17 18 10 11 12 23 3 4
9 26 8 9 21 2 14 1 12 5 6 16 5 19 20 11 17 18 7 13
9 27 8 9 32 2 14 12 1 5 6 16 19 20 11 10 19 18 7 13
9 22 8 9 13 15 2 14 1 5 6 16 19 20 11 17 18 10 11 12
2 14 1 12 5 6 16 19 20 11 17 18 10 7 25 11 3 4 4 4
9 27 8 9 32 2 14 12 1 5 6 16 19 20 11 10 19 18 7 13
8 9 10 12 15 2 14 1 5 6 16 19 20 11 17 18 7 12 7 3
8 9 13 15 2 14 1 5 6 16 19 20 11 17 18 10 11 12 23 3
8 9 32 2 14 12 1 5 6 16 19 20 11 10 19 18 7 13 18 3
9 13 15 2 14 1 5 6 16 19 20 11 17 18 10 11 12 23 3 4
9 13 15 2 14 1 5 6 16 19 20 11 17 18 7 12 10 18 3 4
9 32 2 14 12 1 5 6 16 19 20 11 10 19 18 7 13 18 3 4
30 2 14 12 1 5 6 16 19 20 11 10 19 18 7 13 18 3 4 4
31 2 14 1 12 5 6 16 19 20 11 17 18 10 7 25 11 3 4 4
2 14 1 12 5 6 16 19 20 11 17 18 10 7 25 11 3 4 4 4
30 2 14 12 1 5 6 16 19 20 11 10 19 18 7 13 18 3 4 4
8 9 31 2 14 1 12 5 6 16 19 20 11 17 18 10 7 25 11 3
9 31 2 14 1 12 5 6 16 19 20 11 17 18 10 7 25 11 3 4
8 9 21 2 14 1 12 5 6 16 5 19 20 11 17 18 7 13 17 3
31 2 14 1 12 5 6 16 19 20 11 17 18 10 7 25 11 3 4 4
13 15 2 14 1 5 6 16 19 20 11 17 18 7 12 10 18 3 4 4
31 2 14 1 12 5 6 16 19 20 11 17 18 10 7 25 11 3 4 4
8 9 10 12 15 2 14 1 5 6 16 19 20 11 17 18 7 12 7 3
8 9 29 2 14 12 1 5 6 16 19 20 11 10 16 18 7 13 28 3
9 31 2 14 1 12 5 6 16 19 20 11 17 18 10 7 25 11 3 4
26 8 9 21 2 14 1 12 5 6 16 5 19 20 11 17 18 7 13 17
30 2 14 12 1 5 6 16 19 20 11 10 19 18 7 13 18 3 4 4
9 13 15 2 14 1 5 6 16 19 20 11 17 18 10 11 12 23 3 4
8 9 27 8 9 32 2 14 12 1 5 6 16 19 20 11 10 19 18 7
30 2 14 12 1 5 6 16 19 20 11 10 19 18 7 13 18 3 4 4
8 9 13 15 2 14 1 5 6 16 19 20 11 17 18 7 12 10 18 3
9 31 2 14 1 12 5 6 16 19 20 11 17 18 10 7 25 11 3 4
26 8 9 21 2 14 1 12 5 6 16 5 19 20 11 17 18 7 13 17
26 8 9 21 2 14 1 12 5 6 16 5 19 20 11 17 18 7 13 17
9 30 2 14 12 1 5 6 16 19 20 11 10 19 18 7 13 18 3 4
8 9 21 2 14 1 12 5 6 16 5 19 20 11 17 18 7 13 17 3
9 13 15 2 14 1 5 6 16 19 20 11 17 18 10 11 12 23 3 4
31 2 14 1 12 5 6 16 19 20 11 17 18 10 7 25 11 3 4 4
8 9 29 2 14 12 1 5 6 16 19 20 11 10 16 18 7 13 28 3
8 9 27 8 9 32 2 14 12 1 5 6 16 19 20 11 10 19 18 7
22 8 9 13 15 2 14 1 5 6 16 19 20 11 17 18 10 11 12 23
8 9 32 2 14 12 1 5 6 16 19 20 11 10 19 18 7 13 18 3
8 9 32 2 14 12 1 5 6 16 19 20 11 10 19 18 7 13 18 3
8 9 22 8 9 13 15 2 14 1 5 6 16 19 20 11 17 18 10 11
2 14 1 12 5 6 16 19 20 11 17 18 10 7 25 11 3 4 4 4
8 9 22 8 9 13 15 2 14 1 5 6 16 19 20 11 17 18 10 11
8 9 31 2 14 1 12 5 6 16 19 20 11 17 18 10 7 25 11 3
2 14 12 1 5 6 16 19 20 11 10 16 18 7 13 28 3 4 4 4
22 8 9 13 15 2 14 1 5 6 16 19 20 11 17 18 10 11 12 23
8 9 13 15 2 14 1 5 6 16 19 20 11 17 18 7 12 10 18 3
9 32 2 14 12 1 5 6 16 19 20 11 10 19 18 7 13 18 3 4
9 22 8 9 13 15 2 14 1 5 6 16 19 20 11 17 18 10 11 12
30 2 14 12 1 5 6 16 19 20 11 10 19 18 7 13 18 3 4 4
27 8 9 32 2 14 12 1 5 6 16 19 20 11 10 19 18 7 13 18
2 14 1 12 5 6 16 19 20 11 17 18 10 7 25 11 3 4 4 4
2 14 12 1 5 6 16 19 20 11 10 19 18 7 13 18 3 4 4 4
8 9 31 2 14 1 12 5 6 16 19 20 11 17 18 10 7 25 11 3
22 8 9 13 15 2 14 1 5 6 16 19 20 11 17 18 10 11 12 23
22 8 9 13 15 2 14 1 5 6 16 19 20 11 17 18 10 11 12 23
8 9 31 2 14 1 12 5 6 16 19 20 11 17 18 10 7 25 11 3
27 8 9 32 2 14 12 1 5 6 16 19 20 11 10 19 18 7 13 18
22 8 9 13 15 2 14 1 5 6 16 19 20 11 17 18 10 11 12 23
9 31 2 14 1 12 5 6 16 19 20 11 17 18 10 7 25 11 3 4
27 8 9 32 2 14 12 1 5 6 16 19 20 11 10 19 18 7 13 18
26 8 9 21 2 14 1 12 5 6 16 5 19 20 11 17 18 7 13 17
9 31 2 14 1 12 5 6 16 19 20 11 17 18 10 7 25 11 3 4
8 9 29 2 14 12 1 5 6 16 19 20 11 10 16 18 7 13 28 3
8 9 30 2 14 12 1 5 6 16 19 20 11 10 19 18 7 13 18 3
29 2 14 12 1 5 6 16 19 20 11 10 16 18 7 13 28 3 4 4
9 13 15 2 14 1 5 6 16 19 20 11 17 18 7 12 10 18 3 4
9 27 8 9 32 2 14 12 1 5 6 16 19 20 11 10 19 18 7 13
9 13 15 2 14 1 5 6 16 19 20 11 17 18 7 12 10 18 3 4
27 8 9 32 2 14 12 1 5 6 16 19 20 11 10 19 18 7 13 18
8 9 13 15 2 14 1 5 6 16 19 20 11 17 18 7 12 10 18 3
2 14 12 1 5 6 16 19 20 11 10 19 18 7 13 18 3 4 4 4
9 22 8 9 13 15 2 14 1 5 6 16 19 20 11 17 18 10 11 12
29 2 14 12 1 5 6 16 19 20 11 10 16 18 7 13 28 3 4 4
30 2 14 12 1 5 6 16 19 20 11 10 19 18 7 13 18 3 4 4
13 15 2 14 1 5 6 16 19 20 11 17 18 7 12 10 18 3 4 4
8 9 29 2 14 12 1 5 6 16 19 20 11 10 16 18 7 13 28 3
8 9 21 2 14 1 12 5 6 16 5 19 20 11 17 18 7 13 17 3
9 22 8 9 13 15 2 14 1 5 6 16 19 20 11 17 18 10 11 12
13 15 2 14 1 5 6 16 19 20 11 17 18 7 12 10 18 3 4 4
9 13 15 2 14 1 5 6 16 19 20 11 17 18 10 11 12 23 3 4
8 9 26 8 9 21 2 14 1 12 5 6 16 5 19 20 11 17 18 7
2 14 1 12 5 6 16 19 20 11 17 18 10 7 25 11 3 4 4 4
9 29 2 14 12 1 5 6 16 19 20 11 10 16 18 7 13 28 3 4
9 30 2 14 12 1 5 6 16 19 20 11 10 19 18 7 13 18 3 4
9 31 2 14 1 12 5 6 16 19 20 11 17 18 10 7 25 11 3 4
8 9 13 15 2 14 1 5 6 16 19 20 11 17 18 7 12 10 18 3
8 9 31 2 14 1 12 5 6 16 19 20 11 17 18 10 7 25 11 3
9 13 15 2 14 1 5 6 16 19 20 11 17 18 10 11 12 23 3 4
9 32 2 14 12 1 5 6 16 19 20 11 10 19 18 7 13 18 3 4
9 29 2 14 12 1 5 6 16 19 20 11 10 16 18 7 13 28 3 4
13 15 2 14 1 5 6 16 19 20 11 17 18 7 12 10 18 3 4 4
8 9 13 15 2 14 1 5 6 16 19 20 11 17 18 7 12 10 18 3
9 27 8 9 32 2 14 12 1 5 6 16 19 20 11 10 19 18 7 13
9 32 2 14 12 1 5 6 16 19 20 11 10 19 18 7 13 18 3 4
9 13 15 2 14 1 5 6 16 19 20 11 17 18 10 11 12 23 3 4
2 14 12 1 5 6 16 19 20 11 10 16 18 7 13 28 3 4 4 4
8 9 27 8 9 32 2 14 12 1 5 6 16 19 20 11 10 19 18 7
8 9 10 12 15 2 14 1 5 6 16 19 20 11 17 18 7 12 7 3
8 9 26 8 9 21 2 14 1 12 5 6 16 5 19 20 11 17 18 7
32 2 14 12 1 5 6 16 19 20 11 10 19 18 7 13 18 3 4 4
2 14 12 1 5 6 16 19 20 11 10 16 18 7 13 28 3 4 4 4
8 9 31 2 14 1 12 5 6 16 19 20 11 17 18 10 7 25 11 3
26 8 9 21 2 14 1 12 5 6 16 5 19 20 11 17 18 7 13 17
8 9 31 2 14 1 12 5 6 16 19 20 11 17 18 10 7 25 11 3
9 29 2 14 12 1 5 6 16 19 20 11 10 16 18 7 13 28 3 4
32 2 14 12 1 5 6 16 19 20 11 10 19 18 7 13 18 3 4 4
8 9 32 2 14 12 1 5 6 16 19 20 11 10 19 18 7 13 18 3
9 13 15 2 14 1 5 6 16 19 20 11 17 18 10 11 12 23 3 4
29 2 14 12 1 5 6 16 19 20 11 10 16 18 7 13 28 3 4 4
9 26 8 9 21 2 14 1 12 5 6 16 5 19 20 11 17 18 7 13
31 2 14 1 12 5 6 16 19 20 11 17 18 10 7 25 11 3 4 4
8 9 29 2 14 12 1 5 6 16 19 20 11 10 16 18 7 13 28 3
9 13 15 2 14 1 5 6 16 19 20 11 17 18 10 11 12 23 3 4
29 2 14 12 1 5 6 16 19 20 11 10 16 18 7 13 28 3 4 4
8 9 13 15 2 14 1 5 6 16 19 20 11 17 18 7 12 10 18 3
8 9 32 2 14 12 1 5 6 16 19 20 11 10 19 18 7 13 18 3
30 2 14 12 1 5 6 16 19 20 11 10 19 18 7 13 18 3 4 4
8 9 32 2 14 12 1 5 6 16 19 20 11 10 19 18 7 13 18 3
31 2 14 1 12 5 6 16 19 20 11 17 18 10 7 25 11 3 4 4
8 9 21 2 14 1 12 5 6 16 5 19 20 11 17 18 7 13 17 3
9 29 2 14 12 1 5 6 16 19 20 11 10 16 18 7 13 28 3 4
26 8 9 21 2 14 1 12 5 6 16 5 19 20 11 17 18 7 13 17
8 9 26 8 9 21 2 14 1 12 5 6 16 5 19 20 11 17 18 7
9 26 8 9 21 2 14 1 12 5 6 16 5 19 20 11 17 18 7 13
9 30 2 14 12 1 5 6 16 19 20 11 10 19 18 7 13 18 3 4
13 15 2 14 1 5 6 16 19 20 11 17 18 7 12 10 18 3 4 4
8 9 13 15 2 14 1 5 6 16 19 20 11 17 18 7 12 10 18 3
9 32 2 14 12 1 5 6 16 19 20 11 10 19 18 7 13 18 3 4
9 22 8 9 13 15 2 14 1 5 6 16 19 20 11 17 18 10 11 12
9 27 8 9 32 2 14 12 1 5 6 16 19 20 11 10 19 18 7 13
26 8 9 21 2 14 1 12 5 6 16 5 19 20 11 17 18 7 13 17
8 9 26 8 9 21 2 14 1 12 5 6 16 5 19 20 11 17 18 7
9 13 15 2 14 1 5 6 16 19 20 11 17 18 7 12 10 18 3 4
9 10 12 15 2 14 1 5 6 16 19 20 11 17 18 7 12 7 3 4
9 22 8 9 13 15 2 14 1 5 6 16 19 20 11 17 18 10 11 12
9 29 2 14 12 1 5 6 16 19 20 11 10 16 18 7 13 28 3 4
2 14 12 1 5 6 16 19 20 11 10 19 18 7 13 18 3 4 4 4
8 9 27 8 9 32 2 14 12 1 5 6 16 19 20 11 10 19 18 7
8 9 26 8 9 21 2 14 1 12 5 6 16 5 19 20 11 17 18 7
2 14 1 12 5 6 16 19 20 11 17 18 10 7 25 11 3 4 4 4
8 9 13 15 2 14 1 5 6 16 19 20 11 17 18 10 11 12 23 3
9 13 15 2 14 1 5 6 16 19 20 11 17 18 7 12 10 18 3 4
9 13 15 2 14 1 5 6 16 19 20 11 17 18 10 11 12 23 3 4
9 13 15 2 14 1 5 6 16 19 20 11 17 18 7 12 10 18 3 4
31 2 14 1 12 5 6 16 19 20 11 17 18 10 7 25 11 3 4 4
8 9 31 2 14 1 12 5 6 16 19 20 11 17 18 10 7 25 11 3
8 9 31 2 14 1 12 5 6 16 19 20 11 17 18 10 7 25 11 3
8 9 13 15 2 14 1 5 6 16 19 20 11 17 18 7 12 10 18 3
9 22 8 9 13 15 2 14 1 5 6 16 19 20 11 17 18 10 11 12
8 9 29 2 14 12 1 5 6 16 19 20 11 10 16 18 7 13 28 3
2 14 12 1 5 6 16 19 20 11 10 19 18 7 13 18 3 4 4 4
8 9 27 8 9 32 2 14 12 1 5 6 16 19 20 11 10 19 18 7
9 27 8 9 32 2 14 12 1 5 6 16 19 20 11 10 19 18 7 13
30 2 14 12 1 5 6 16 19 20 11 10 19 18 7 13 18 3 4 4
9 32 2 14 12 1 5 6 16 19 20 11 10 19 18 7 13 18 3 4
27 8 9 32 2 14 12 1 5 6 16 19 20 11 10 19 18 7 13 18
2 14 12 1 5 6 16 19 20 11 10 19 18 7 13 18 3 4 4 4
30 2 14 12 1 5 6 16 19 20 11 10 19 18 7 13 18 3 4 4
9 32 2 14 12 1 5 6 16 19 20 11 10 19 18 7 13 18 3 4
8 9 26 8 9 21 2 14 1 12 5 6 16 5 19 20 11 17 18 7
2 14 12 1 5 6 16 19 20 11 10 19 18 7 13 18 3 4 4 4
2 14 12 1 5 6 16 19 20 11 10 16 18 7 13 28 3 4 4 4
27 8 9 32 2 14 12 1 5 6 16 19 20 11 10 19 18 7 13 18
9 31 2 14 1 12 5 6 16 19 20 11 17 18 10 7 25 11 3 4
2 14 12 1 5 6 16 19 20 11 10 19 18 7 13 18 3 4 4 4
8 9 26 8 9 21 2 14 1 12 5 6 16 5 19 20 11 17 18 7
8 9 21 2 14 1 12 5 6 16 5 19 20 11 17 18 7 13 17 3
9 13 15 2 14 1 5 6 16 19 20 11 17 18 10 11 12 23 3 4
8 9 13 15 2 14 1 5 6 16 19 20 11 17 18 10 11 12 23 3
8 9 30 2 14 12 1 5 6 16 19 20 11 10 19 18 7 13 18 3
9 31 2 14 1 12 5 6 16 19 20 11 17 18 10 7 25 11 3 4
8 9 13 15 2 14 1 5 6 16 19 20 11 17 18 7 12 10 18 3
27 8 9 32 2 14 12 1 5 6 16 19 20 11 10 19 18 7 13 18
8 9 27 8 9 32 2 14 12 1 5 6 16 19 20 11 10 19 18 7
8 9 13 15 2 14 1 5 6 16 19 20 11 17 18 7 12 10 18 3
8 9 13 15 2 14 1 5 6 16 19 20 11 17 18 7 12 10 18 3
13 15 2 14 1 5 6 16 19 20 11 17 18 7 12 10 18 3 4 4
2 14 12 1 5 6 16 19 20 11 10 16 18 7 13 28 3 4 4 4
2 14 12 1 5 6 16 19 20 11 10 19 18 7 13 18 3 4 4 4
32 2 14 12 1 5 6 16 19 20 11 10 19 18 7 13 18 3 4 4
2 14 1 12 5 6 16 19 20 11 17 18 10 7 25 11 3 4 4 4
8 9 13 15 2 14 1 5 6 16 19 20 11 17 18 7 12 10 18 3
26 8 9 21 2 14 1 12 5 6 16 5 19 20 11 17 18 7 13 17
32 2 14 12 1 5 6 16 19 20 11 10 19 18 7 13 18 3 4 4
8 9 26 8 9 21 2 14 1 12 5 6 16 5 19 20 11 17 18 7
9 30 2 14 12 1 5 6 16 19 20 11 10 19 18 7 13 18 3 4
22 8 9 13 15 2 14 1 5 6 16 19 20 11 17 18 10 11 12 23
9 29 2 14 12 1 5 6 16 19 20 11 10 16 18 7 13 28 3 4
2 14 12 1 5 6 16 19 20 11 10 19 18 7 13 18 3 4 4 4
30 2 14 12 1 5 6 16 19 20 11 10 19 18 7 13 18 3 4 4
8 9 22 8 9 13 15 2 14 1 5 6 16 19 20 11 17 18 10 11
31 2 14 1 12 5 6 16 19 20 11 17 18 10 7 25 11 3 4 4
8 9 26 8 9 21 2 14 1 12 5 6 16 5 19 20 11 17 18 7
8 9 26 8 9 21 2 14 1 12 5 6 16 5 19 20 11 17 18 7
31 2 14 1 12 5 6 16 19 20 11 17 18 10 7 25 11 3 4 4
9 26 8 9 21 2 14 1 12 5 6 16 5 19 20 11 17 18 7 13
31 2 14 1 12 5 6 16 19 20 11 17 18 10 7 25 11 3 4 4
2 14 12 1 5 6 16 19 20 11 10 19 18 7 13 18 3 4 4 4
2 14 1 12 5 6 16 19 20 11 17 18 10 7 25 11 3 4 4 4
8 9 13 15 2 14 1 5 6 16 19 20 11 17 18 7 12 10 18 3
29 2 14 12 1 5 6 16 19 20 11 10 16 18 7 13 28 3 4 4
9 26 8 9 21 2 14 1 12 5 6 16 5 19 20 11 17 18 7 13
32 2 14 12 1 5 6 16 19 20 11 10 19 18 7 13 18 3 4 4
8 9 13 15 2 14 1 5 6 16 19 20 11 17 18 7 12 10 18 3
8 9 13 15 2 14 1 5 6 16 19 20 11 17 18 10 11 12 23 3
9 29 2 14 12 1 5 6 16 19 20 11 10 16 18 7 13 28 3 4
9 10 12 15 2 14 1 5 6 16 19 20 11 17 18 7 12 7 3 4
31 2 14 1 12 5 6 16 19 20 11 17 18 10 7 25 11 3 4 4
26 8 9 21 2 14 1 12 5 6 16 5 19 20 11 17 18 7 13 17
9 26 8 9 21 2 14 1 12 5 6 16 5 19 20 11 17 18 7 13
32 2 14 12 1 5 6 16 19 20 11 10 19 18 7 13 18 3 4 4
8 9 32 2 14 12 1 5 6 16 19 20 11 10 19 18 7 13 18 3
8 9 30 2 14 12 1 5 6 16 19 20 11 10 19 18 7 13 18 3
9 10 12 15 2 14 1 5 6 16 19 20 11 17 18 7 12 7 3 4
8 9 13 15 2 14 1 5 6 16 19 20 11 17 18 10 11 12 23 3
2 14 12 1 5 6 16 19 20 11 10 19 18 7 13 18 3 4 4 4
8 9 10 12 15 2 14 1 5 6 16 19 20 11 17 18 7 12 7 3
8 9 22 8 9 13 15 2 14 1 5 6 16 19 20 11 17 18 10 11
8 9 21 2 14 1 12 5 6 16 5 19 20 11 17 18 7 13 17 3
9 13 15 2 14 1 5 6 16 19 20 11 17 18 10 11 12 23 3 4
30 2 14 12 1 5 6 16 19 20 11 10 19 18 7 13 18 3 4 4
30 2 14 12 1 5 6 16 19 20 11 10 19 18 7 13 18 3 4 4
9 13 15 2 14 1 5 6 16 19 20 11 17 18 7 12 10 18 3 4
8 9 27 8 9 32 2 14 12 1 5 6 16 19 20 11 10 19 18 7
9 32 2 14 12 1 5 6 16 19 20 11 10 19 18 7 13 18 3 4
31 2 14 1 12 5 6 16 19 20 11 17 18 10 7 25 11 3 4 4
9 30 2 14 12 1 5 6 16 19 20 11 10 19 18 7 13 18 3 4
8 9 13 15 2 14 1 5 6 16 19 20 11 17 18 7 12 10 18 3
30 2 14 12 1 5 6 16 19 20 11 10 19 18 7 13 18 3 4 4
13 15 2 14 1 5 6 16 19 20 11 17 18 7 12 10 18 3 4 4
22 8 9 13 15 2 14 1 5 6 16 19 20 11 17 18 10 11 12 23
8 9 32 2 14 12 1 5 6 16 19 20 11 10 19 18 7 13 18 3
8 9 32 2 14 12 1 5 6 16 19 20 11 10 19 18 7 13 18 3
8 9 13 15 2 14 1 5 6 16 19 20 11 17 18 7 12 10 18 3
9 32 2 14 12 1 5 6 16 19 20 11 10 19 18 7 13 18 3 4
8 9 13 15 2 14 1 5 6 16 19 20 11 17 18 10 11 12 23 3
27 8 9 32 2 14 12 1 5 6 16 19 20 11 10 19 18 7 13 18
31 2 14 1 12 5 6 16 19 20 11 17 18 10 7 25 11 3 4 4
8 9 29 2 14 12 1 5 6 16 19 20 11 10 16 18 7 13 28 3
8 9 13 15 2 14 1 5 6 16 19 20 11 17 18 7 12 10 18 3
8 9 31 2 14 1 12 5 6 16 19 20 11 17 18 10 7 25 11 3
29 2 14 12 1 5 6 16 19 20 11 10 16 18 7 13 28 3 4 4
8 9 13 15 2 14 1 5 6 16 19 20 11 17 18 10 11 12 23 3
2 14 12 1 5 6 16 19 20 11 10 16 18 7 13 28 3 4 4 4
27 8 9 32 2 14 12 1 5 6 16 19 20 11 10 19 18 7 13 18
9 26 8 9 21 2 14 1 12 5 6 16 5 19 20 11 17 18 7 13
2 14 1 12 5 6 16 19 20 11 17 18 10 7 25 11 3 4 4 4
9 26 8 9 21 2 14 1 12 5 6 16 5 19 20 11 17 18 7 13
9 30 2 14 12 1 5 6 16 19 20 11 10 19 18 7 13 18 3 4
2 14 12 1 5 6 16 19 20 11 10 19 18 7 13 18 3 4 4 4
9 31 2 14 1 12 5 6 16 19 20 11 17 18 10 7 25 11 3 4
9 27 8 9 32 2 14 12 1 5 6 16 19 20 11 10 19 18 7 13
8 9 32 2 14 12 1 5 6 16 19 20 11 10 19 18 7 13 18 3
9 32 2 14 12 1 5 6 16 19 20 11 10 19 18 7 13 18 3 4
9 32 2 14 12 1 5 6 16 19 20 11 10 19 18 7 13 18 3 4
8 9 27 8 9 32 2 14 12 1 5 6 16 19 20 11 10 19 18 7
9 29 2 14 12 1 5 6 16 19 20 11 10 16 18 7 13 28 3 4
27 8 9 32 2 14 12 1 5 6 16 19 20 11 10 19 18 7 13 18
8 9 29 2 14 12 1 5 6 16 19 20 11 10 16 18 7 13 28 3
8 9 29 2 14 12 1 5 6 16 19 20 11 10 16 18 7 13 28 3
9 26 8 9 21 2 14 1 12 5 6 16 5 19 20 11 17 18 7 13
8 9 21 2 14 1 12 5 6 16 5 19 20 11 17 18 7 13 17 3
9 30 2 14 12 1 5 6 16 19 20 11 10 19 18 7 13 18 3 4
8 9 30 2 14 12 1 5 6 16 19 20 11 10 19 18 7 13 18 3
8 9 27 8 9 32 2 14 12 1 5 6 16 19 20 11 10 19 18 7
31 2 14 1 12 5 6 16 19 20 11 17 18 10 7 25 11 3 4 4
8 9 32 2 14 12 1 5 6 16 19 20 11 10 19 18 7 13 18 3
8 9 26 8 9 21 2 14 1 12 5 6 16 5 19 20 11 17 18 7
8 9 27 8 9 32 2 14 12 1 5 6 16 19 20 11 10 19 18 7
8 9 13 15 2 14 1 5 6 16 19 20 11 17 18 10 11 12 23 3
29 2 14 12 1 5 6 16 19 20 11 10 16 18 7 13 28 3 4 4
8 9 29 2 14 12 1 5 6 16 19 20 11 10 16 18 7 13 28 3
8 9 13 15 2 14 1 5 6 16 19 20 11 17 18 10 11 12 23 3
8 9 21 2 14 1 12 5 6 16 5 19 20 11 17 18 7 13 17 3
8 9 26 8 9 21 2 14 1 12 5 6 16 5 19 20 11 17 18 7
8 9 26 8 9 21 2 14 1 12 5 6 16 5 19 20 11 17 18 7
22 8 9 13 15 2 14 1 5 6 16 19 20 11 17 18 10 11 12 23
9 13 15 2 14 1 5 6 16 19 20 11 17 18 10 11 12 23 3 4
26 8 9 21 2 14 1 12 5 6 16 5 19 20 11 17 18 7 13 17
32 2 14 12 1 5 6 16 19 20 11 10 19 18 7 13 18 3 4 4
8 9 22 8 9 13 15 2 14 1 5 6 16 19 20 11 17 18 10 11
30 2 14 12 1 5 6 16 19 20 11 10 19 18 7 13 18 3 4 4
13 15 2 14 1 5 6 16 19 20 11 17 18 7 12 10 18 3 4 4
30 2 14 12 1 5 6 16 19 20 11 10 19 18 7 13 18 3 4 4
2 14 12 1 5 6 16 19 20 11 10 16 18 7 13 28 3 4 4 4
8 9 22 8 9 13 15 2 14 1 5 6 16 19 20 11 17 18 10 11
2 14 12 1 5 6 16 19 20 11 10 19 18 7 13 18 3 4 4 4
9 27 8 9 32 2 14 12 1 5 6 16 19 20 11 10 19 18 7 13
8 9 13 15 2 14 1 5 6 16 19 20 11 17 18 7 12 10 18 3
9 13 15 2 14 1 5 6 16 19 20 11 17 18 10 11 12 23 3 4
9 10 12 15 2 14 1 5 6 16 19 20 11 17 18 7 12 7 3 4
13 15 2 14 1 5 6 16 19 20 11 17 18 7 12 10 18 3 4 4
8 9 30 2 14 12 1 5 6 16 19 20 11 10 19 18 7 13 18 3
31 2 14 1 12 5 6 16 19 20 11 17 18 10 7 25 11 3 4 4
13 15 2 14 1 5 6 16 19 20 11 17 18 7 12 10 18 3 4 4
8 9 29 2 14 12 1 5 6 16 19 20 11 10 16 18 7 13 28 3
26 8 9 21 2 14 1 12 5 6 16 5 19 20 11 17 18 7 13 17
9 29 2 14 12 1 5 6 16 19 20 11 10 16 18 7 13 28 3 4
9 22 8 9 13 15 2 14 1 5 6 16 19 20 11 17 18 10 11 12
9 10 12 15 2 14 1 5 6 16 19 20 11 17 18 7 12 7 3 4
9 29 2 14 12 1 5 6 16 19 20 11 10 16 18 7 13 28 3 4
30 2 14 12 1 5 6 16 19 20 11 10 19 18 7 13 18 3 4 4
30 2 14 12 1 5 6 16 19 20 11 10 19 18 7 13 18 3 4 4
9 13 15 2 14 1 5 6 16 19 20 11 17 18 10 11 12 23 3 4
2 14 12 1 5 6 16 19 20 11 10 16 18 7 13 28 3 4 4 4
2 14 1 12 5 6 16 19 20 11 17 18 10 7 25 11 3 4 4 4
9 26 8 9 21 2 14 1 12 5 6 16 5 19 20 11 17 18 7 13
2 14 1 12 5 6 16 19 20 11 17 18 10 7 25 11 3 4 4 4
29 2 14 12 1 5 6 16 19 20 11 10 16 18 7 13 28 3 4 4
32 2 14 12 1 5 6 16 19 20 11 10 19 18 7 13 18 3 4 4
2 14 12 1 5 6 16 19 20 11 10 16 18 7 13 28 3 4 4 4
9 22 8 9 13 15 2 14 1 5 6 16 19 20 11 17 18 10 11 12
9 31 2 14 1 12 5 6 16 19 20 11 17 18 10 7 25 11 3 4
2 14 1 12 5 6 16 19 20 11 17 18 10 7 25 11 3 4 4 4
26 8 9 21 2 14 1 12 5 6 16 5 19 20 11 17 18 7 13 17
30 2 14 12 1 5 6 16 19 20 11 10 19 18 7 13 18 3 4 4
2 14 12 1 5 6 16 19 20 11 10 19 18 7 13 18 3 4 4 4
9 10 12 15 2 14 1 5 6 16 19 20 11 17 18 7 12 7 3 4
9 13 15 2 14 1 5 6 16 19 20 11 17 18 10 11 12 23 3 4
8 9 26 8 9 21 2 14 1 12 5 6 16 5 19 20 11 17 18 7
8 9 30 2 14 12 1 5 6 16 19 20 11 10 19 18 7 13 18 3
9 31 2 14 1 12 5 6 16 19 20 11 17 18 10 7 25 11 3 4
22 8 9 13 15 2 14 1 5 6 16 19 20 11 17 18 10 11 12 23
9 13 15 2 14 1 5 6 16 19 20 11 17 18 7 12 10 18 3 4
8 9 13 15 2 14 1 5 6 16 19 20 11 17 18 10 11 12 23 3
2 14 12 1 5 6 16 19 20 11 10 19 18 7 13 18 3 4 4 4
27 8 9 32 2 14 12 1 5 6 16 19 20 11 10 19 18 7 13 18
9 10 12 15 2 14 1 5 6 16 19 20 11 17 18 7 12 7 3 4
22 8 9 13 15 2 14 1 5 6 16 19 20 11 17 18 10 11 12 23
8 9 10 12 15 2 14 1 5 6 16 19 20 11 17 18 7 12 7 3
8 9 13 15 2 14 1 5 6 16 19 20 11 17 18 7 12 10 18 3
9 29 2 14 12 1 5 6 16 19 20 11 10 16 18 7 13 28 3 4
9 30 2 14 12 1 5 6 16 19 20 11 10 19 18 7 13 18 3 4
8 9 29 2 14 12 1 5 6 16 19 20 11 10 16 18 7 13 28 3
8 9 22 8 9 13 15 2 14 1 5 6 16 19 20 11 17 18 10 11
9 30 2 14 12 1 5 6 16 19 20 11 10 19 18 7 13 18 3 4
8 9 13 15 2 14 1 5 6 16 19 20 11 17 18 7 12 10 18 3
2 14 12 1 5 6 16 19 20 11 10 19 18 7 13 18 3 4 4 4
8 9 31 2 14 1 12 5 6 16 19 20 11 17 18 10 7 25 11 3
8 9 21 2 14 1 12 5 6 16 5 19 20 11 17 18 7 13 17 3
30 2 14 12 1 5 6 16 19 20 11 10 19 18 7 13 18 3 4 4
2 14 12 1 5 6 16 19 20 11 10 19 18 7 13 18 3 4 4 4
31 2 14 1 12 5 6 16 19 20 11 17 18 10 7 25 11 3 4 4
9 26 8 9 21 2 14 1 12 5 6 16 5 19 20 11 17 18 7 13
9 31 2 14 1 12 5 6 16 19 20 11 17 18 10 7 25 11 3 4
26 8 9 21 2 14 1 12 5 6 16 5 19 20 11 17 18 7 13 17
9 32 2 14 12 1 5 6 16 19 20 11 10 19 18 7 13 18 3 4
8 9 22 8 9 13 15 2 14 1 5 6 16 19 20 11 17 18 10 11
27 8 9 32 2 14 12 1 5 6 16 19 20 11 10 19 18 7 13 18
30 2 14 12 1 5 6 16 19 20 11 10 19 18 7 13 18 3 4 4
8 9 10 12 15 2 14 1 5 6 16 19 20 11 17 18 7 12 7 3
27 8 9 32 2 14 12 1 5 6 16 19 20 11 10 19 18 7 13 18
8 9 10 12 15 2 14 1 5 6 16 19 20 11 17 18 7 12 7 3
8 9 10 12 15 2 14 1 5 6 16 19 20 11 17 18 7 12 7 3
9 32 2 14 12 1 5 6 16 19 20 11 10 19 18 7 13 18 3 4
9 13 15 2 14 1 5 6 16 19 20 11 17 18 10 11 12 23 3 4
9 30 2 14 12 1 5 6 16 19 20 11 10 19 18 7 13 18 3 4
9 13 15 2 14 1 5 6 16 19 20 11 17 18 10 11 12 23 3 4
9 10 12 15 2 14 1 5 6 16 19 20 11 17 18 7 12 7 3 4
8 9 21 2 14 1 12 5 6 16 5 19 20 11 17 18 7 13 17 3
8 9 30 2 14 12 1 5 6 16 19 20 11 10 19 18 7 13 18 3
8 9 29 2 14 12 1 5 6 16 19 20 11 10 16 18 7 13 28 3
31 2 14 1 12 5 6 16 19 20 11 17 18 10 7 25 11 3 4 4
13 15 2 14 1 5 6 16 19 20 11 17 18 7 12 10 18 3 4 4
8 9 10 12 15 2 14 1 5 6 16 19 20 11 17 18 7 12 7 3
27 8 9 32 2 14 12 1 5 6 16 19 20 11 10 19 18 7 13 18
8 9 32 2 14 12 1 5 6 16 19 20 11 10 19 18 7 13 18 3
2 14 12 1 5 6 16 19 20 11 10 16 18 7 13 28 3 4 4 4
8 9 32 2 14 12 1 5 6 16 19 20 11 10 19 18 7 13 18 3
8 9 26 8 9 21 2 14 1 12 5 6 16 5 19 20 11 17 18 7
8 9 32 2 14 12 1 5 6 16 19 20 11 10 19 18 7 13 18 3
9 13 15 2 14 1 5 6 16 19 20 11 17 18 7 12 10 18 3 4
2 14 12 1 5 6 16 19 20 11 10 16 18 7 13 28 3 4 4 4
9 29 2 14 12 1 5 6 16 19 20 11 10 16 18 7 13 28 3 4
8 9 30 2 14 12 1 5 6 16 19 20 11 10 19 18 7 13 18 3
13 15 2 14 1 5 6 16 19 20 11 17 18 7 12 10 18 3 4 4
8 9 31 2 14 1 12 5 6 16 19 20 11 17 18 10 7 25 11 3
8 9 27 8 9 32 2 14 12 1 5 6 16 19 20 11 10 19 18 7
2 14 12 1 5 6 16 19 20 11 10 19 18 7 13 18 3 4 4 4
8 9 30 2 14 12 1 5 6 16 19 20 11 10 19 18 7 13 18 3
8 9 30 2 14 12 1 5 6 16 19 20 11 10 19 18 7 13 18 3
8 9 32 2 14 12 1 5 6 16 19 20 11 10 19 18 7 13 18 3
29 2 14 12 1 5 6 16 19 20 11 10 16 18 7 13 28 3 4 4
8 9 27 8 9 32 2 14 12 1 5 6 16 19 20 11 10 19 18 7
8 9 31 2 14 1 12 5 6 16 19 20 11 17 18 10 7 25 11 3
8 9 22 8 9 13 15 2 14 1 5 6 16 19 20 11 17 18 10 11
8 9 13 15 2 14 1 5 6 16 19 20 11 17 18 10 11 12 23 3
8 9 32 2 14 12 1 5 6 16 19 20 11 10 19 18 7 13 18 3
8 9 13 15 2 14 1 5 6 16 19 20 11 17 18 7 12 10 18 3
31 2 14 1 12 5 6 16 19 20 11 17 18 10 7 25 11 3 4 4
9 22 8 9 13 15 2 14 1 5 6 16 19 20 11 17 18 10 11 12
8 9 13 15 2 14 1 5 6 16 19 20 11 17 18 7 12 10 18 3
8 9 13 15 2 14 1 5 6 16 19 20 11 17 18 7 12 10 18 3
8 9 29 2 14 12 1 5 6 16 19 20 11 10 16 18 7 13 28 3
30 2 14 12 1 5 6 16 19 20 11 10 19 18 7 13 18 3 4 4
9 13 15 2 14 1 5 6 16 19 20 11 17 18 7 12 10 18 3 4
8 9 10 12 15 2 14 1 5 6 16 19 20 11 17 18 7 12 7 3
2 14 12 1 5 6 16 19 20 11 10 16 18 7 13 28 3 4 4 4
9 30 2 14 12 1 5 6 16 19 20 11 10 19 18 7 13 18 3 4
2 14 12 1 5 6 16 19 20 11 10 19 18 7 13 18 3 4 4 4
9 10 12 15 2 14 1 5 6 16 19 20 11 17 18 7 12 7 3 4
8 9 13 15 2 14 1 5 6 16 19 20 11 17 18 10 11 12 23 3
9 10 12 15 2 14 1 5 6 16 19 20 11 17 18 7 12 7 3 4
30 2 14 12 1 5 6 16 19 20 11 10 19 18 7 13 18 3 4 4
8 9 31 2 14 1 12 5 6 16 19 20 11 17 18 10 7 25 11 3
27 8 9 32 2 14 12 1 5 6 16 19 20 11 10 19 18 7 13 18
31 2 14 1 12 5 6 16 19 20 11 17 18 10 7 25 11 3 4 4
8 9 21 2 14 1 12 5 6 16 5 19 20 11 17 18 7 13 17 3
2 14 12 1 5 6 16 19 20 11 10 19 18 7 13 18 3 4 4 4
2 14 12 1 5 6 16 19 20 11 10 19 18 7 13 18 3 4 4 4
8 9 13 15 2 14 1 5 6 16 19 20 11 17 18 7 12 10 18 3
9 26 8 9 21 2 14 1 12 5 6 16 5 19 20 11 17 18 7 13
9 13 15 2 14 1 5 6 16 19 20 11 17 18 7 12 10 18 3 4
8 9 22 8 9 13 15 2 14 1 5 6 16 19 20 11 17 18 10 11
2 14 12 1 5 6 16 19 20 11 10 19 18 7 13 18 3 4 4 4
22 8 9 13 15 2 14 1 5 6 16 19 20 11 17 18 10 11 12 23
9 29 2 14 12 1 5 6 16 19 20 11 10 16 18 7 13 28 3 4
30 2 14 12 1 5 6 16 19 20 11 10 19 18 7 13 18 3 4 4
26 8 9 21 2 14 1 12 5 6 16 5 19 20 11 17 18 7 13 17
8 9 30 2 14 12 1 5 6 16 19 20 11 10 19 18 7 13 18 3
9 13 15 2 14 1 5 6 16 19 20 11 17 18 7 12 10 18 3 4
22 8 9 13 15 2 14 1 5 6 16 19 20 11 17 18 10 11 12 23
8 9 21 2 14 1 12 5 6 16 5 19 20 11 17 18 7 13 17 3
9 32 2 14 12 1 5 6 16 19 20 11 10 19 18 7 13 18 3 4
8 9 29 2 14 12 1 5 6 16 19 20 11 10 16 18 7 13 28 3
9 30 2 14 12 1 5 6 16 19 20 11 10 19 18 7 13 18 3 4
9 27 8 9 32 2 14 12 1 5 6 16 19 20 11 10 19 18 7 13
8 9 21 2 14 1 12 5 6 16 5 19 20 11 17 18 7 13 17 3
8 9 22 8 9 13 15 2 14 1 5 6 16 19 20 11 17 18 10 11
9 22 8 9 13 15 2 14 1 5 6 16 19 20 11 17 18 10 11 12
26 8 9 21 2 14 1 12 5 6 16 5 19 20 11 17 18 7 13 17
9 27 8 9 32 2 14 12 1 5 6 16 19 20 11 10 19 18 7 13
8 9 13 15 2 14 1 5 6 16 19 20 11 17 18 10 11 12 23 3
9 22 8 9 13 15 2 14 1 5 6 16 19 20 11 17 18 10 11 12
29 2 14 12 1 5 6 16 19 20 11 10 16 18 7 13 28 3 4 4
9 10 12 15 2 14 1 5 6 16 19 20 11 17 18 7 12 7 3 4
9 13 15 2 14 1 5 6 16 19 20 11 17 18 10 11 12 23 3 4
2 14 12 1 5 6 16 19 20 11 10 16 18 7 13 28 3 4 4 4
8 9 22 8 9 13 15 2 14 1 5 6 16 19 20 11 17 18 10 11
2 14 12 1 5 6 16 19 20 11 10 16 18 7 13 28 3 4 4 4
8 9 13 15 2 14 1 5 6 16 19 20 11 17 18 7 12 10 18 3
9 31 2 14 1 12 5 6 16 19 20 11 17 18 10 7 25 11 3 4
9 22 8 9 13 15 2 14 1 5 6 16 19 20 11 17 18 10 11 12
8 9 13 15 2 14 1 5 6 16 19 20 11 17 18 7 12 10 18 3
26 8 9 21 2 14 1 12 5 6 16 5 19 20 11 17 18 7 13 17
22 8 9 13 15 2 14 1 5 6 16 19 20 11 17 18 10 11 12 23
9 22 8 9 13 15 2 14 1 5 6 16 19 20 11 17 18 10 11 12
22 8 9 13 15 2 14 1 5 6 16 19 20 11 17 18 10 11 12 23
31 2 14 1 12 5 6 16 19 20 11 17 18 10 7 25 11 3 4 4
29 2 14 12 1 5 6 16 19 20 11 10 16 18 7 13 28 3 4 4
9 31 2 14 1 12 5 6 16 19 20 11 17 18 10 7 25 11 3 4
2 14 12 1 5 6 16 19 20 11 10 19 18 7 13 18 3 4 4 4
2 14 12 1 5 6 16 19 20 11 10 19 18 7 13 18 3 4 4 4
8 9 30 2 14 12 1 5 6 16 19 20 11 10 19 18 7 13 18 3
8 9 26 8 9 21 2 14 1 12 5 6 16 5 19 20 11 17 18 7
8 9 29 2 14 12 1 5 6 16 19 20 11 10 16 18 7 13 28 3
9 13 15 2 14 1 5 6 16 19 20 11 17 18 10 11 12 23 3 4
8 9 13 15 2 14 1 5 6 16 19 20 11 17 18 7 12 10 18 3
9 31 2 14 1 12 5 6 16 19 20 11 17 18 10 7 25 11 3 4
32 2 14 12 1 5 6 16 19 20 11 10 19 18 7 13 18 3 4 4
32 2 14 12 1 5 6 16 19 20 11 10 19 18 7 13 18 3 4 4
8 9 31 2 14 1 12 5 6 16 19 20 11 17 18 10 7 25 11 3
8 9 13 15 2 14 1 5 6 16 19 20 11 17 18 7 12 10 18 3
8 9 26 8 9 21 2 14 1 12 5 6 16 5 19 20 11 17 18 7
9 31 2 14 1 12 5 6 16 19 20 11 17 18 10 7 25 11 3 4
8 9 27 8 9 32 2 14 12 1 5 6 16 19 20 11 10 19 18 7
2 14 1 12 5 6 16 19 20 11 17 18 10 7 25 11 3 4 4 4
31 2 14 1 12 5 6 16 19 20 11 17 18 10 7 25 11 3 4 4
9 32 2 14 12 1 5 6 16 19 20 11 10 19 18 7 13 18 3 4
8 9 31 2 14 1 12 5 6 16 19 20 11 17 18 10 7 25 11 3
29 2 14 12 1 5 6 16 19 20 11 10 16 18 7 13 28 3 4 4
32 2 14 12 1 5 6 16 19 20 11 10 19 18 7 13 18 3 4 4
8 9 31 2 14 1 12 5 6 16 19 20 11 17 18 10 7 25 11 3
8 9 13 15 2 14 1 5 6 16 19 20 11 17 18 7 12 10 18 3
9 22 8 9 13 15 2 14 1 5 6 16 19 20 11 17 18 10 11 12
22 8 9 13 15 2 14 1 5 6 16 19 20 11 17 18 10 11 12 23
8 9 10 12 15 2 14 1 5 6 16 19 20 11 17 18 7 12 7 3
2 14 12 1 5 6 16 19 20 11 10 19 18 7 13 18 3 4 4 4
8 9 26 8 9 21 2 14 1 12 5 6 16 5 19 20 11 17 18 7
13 15 2 14 1 5 6 16 19 20 11 17 18 7 12 10 18 3 4 4
9 22 8 9 13 15 2 14 1 5 6 16 19 20 11 17 18 10 11 12
32 2 14 12 1 5 6 16 19 20 11 10 19 18 7 13 18 3 4 4
8 9 27 8 9 32 2 14 12 1 5 6 16 19 20 11 10 19 18 7
8 9 30 2 14 12 1 5 6 16 19 20 11 10 19 18 7 13 18 3
29 2 14 12 1 5 6 16 19 20 11 10 16 18 7 13 28 3 4 4
9 32 2 14 12 1 5 6 16 19 20 11 10 19 18 7 13 18 3 4
8 9 21 2 14 1 12 5 6 16 5 19 20 11 17 18 7 13 17 3
9 10 12 15 2 14 1 5 6 16 19 20 11 17 18 7 12 7 3 4
9 26 8 9 21 2 14 1 12 5 6 16 5 19 20 11 17 18 7 13
8 9 13 15 2 14 1 5 6 16 19 20 11 17 18 10 11 12 23 3
8 9 10 12 15 2 14 1 5 6 16 19 20 11 17 18 7 12 7 3
27 8 9 32 2 14 12 1 5 6 16 19 20 11 10 19 18 7 13 18
9 32 2 14 12 1 5 6 16 19 20 11 10 19 18 7 13 18 3 4
9 13 15 2 14 1 5 6 16 19 20 11 17 18 7 12 10 18 3 4
31 2 14 1 12 5 6 16 19 20 11 17 18 10 7 25 11 3 4 4
31 2 14 1 12 5 6 16 19 20 11 17 18 10 7 25 11 3 4 4
27 8 9 32 2 14 12 1 5 6 16 19 20 11 10 19 18 7 13 18
2 14 12 1 5 6 16 19 20 11 10 19 18 7 13 18 3 4 4 4
32 2 14 12 1 5 6 16 19 20 11 10 19 18 7 13 18 3 4 4
9 26 8 9 21 2 14 1 12 5 6 16 5 19 20 11 17 18 7 13
8 9 30 2 14 12 1 5 6 16 19 20 11 10 19 18 7 13 18 3
9 10 12 15 2 14 1 5 6 16 19 20 11 17 18 7 12 7 3 4
9 30 2 14 12 1 5 6 16 19 20 11 10 19 18 7 13 18 3 4
8 9 13 15 2 14 1 5 6 16 19 20 11 17 18 7 12 10 18 3
8 9 32 2 14 12 1 5 6 16 19 20 11 10 19 18 7 13 18 3
31 2 14 1 12 5 6 16 19 20 11 17 18 10 7 25 11 3 4 4
8 9 29 2 14 12 1 5 6 16 19 20 11 10 16 18 7 13 28 3
9 26 8 9 21 2 14 1 12 5 6 16 5 19 20 11 17 18 7 13
13 15 2 14 1 5 6 16 19 20 11 17 18 7 12 10 18 3 4 4
8 9 13 15 2 14 1 5 6 16 19 20 11 17 18 10 11 12 23 3
26 8 9 21 2 14 1 12 5 6 16 5 19 20 11 17 18 7 13 17
9 22 8 9 13 15 2 14 1 5 6 16 19 20 11 17 18 10 11 12
9 10 12 15 2 14 1 5 6 16 19 20 11 17 18 7 12 7 3 4
2 14 12 1 5 6 16 19 20 11 10 16 18 7 13 28 3 4 4 4
2 14 12 1 5 6 16 19 20 11 10 19 18 7 13 18 3 4 4 4
9 30 2 14 12 1 5 6 16 19 20 11 10 19 18 7 13 18 3 4
2 14 1 12 5 6 16 19 20 11 17 18 10 7 25 11 3 4 4 4
8 9 30 2 14 12 1 5 6 16 19 20 11 10 19 18 7 13 18 3
8 9 13 15 2 14 1 5 6 16 19 20 11 17 18 7 12 10 18 3
31 2 14 1 12 5 6 16 19 20 11 17 18 10 7 25 11 3 4 4
9 22 8 9 13 15 2 14 1 5 6 16 19 20 11 17 18 10 11 12
8 9 13 15 2 14 1 5 6 16 19 20 11 17 18 7 12 10 18 3
30 2 14 12 1 5 6 16 19 20 11 10 19 18 7 13 18 3 4 4
8 9 21 2 14 1 12 5 6 16 5 19 20 11 17 18 7 13 17 3
2 14 1 12 5 6 16 19 20 11 17 18 10 7 25 11 3 4 4 4
8 9 13 15 2 14 1 5 6 16 19 20 11 17 18 10 11 12 23 3
8 9 30 2 14 12 1 5 6 16 19 20 11 10 19 18 7 13 18 3
8 9 13 15 2 14 1 5 6 16 19 20 11 17 18 7 12 10 18 3
8 9 32 2 14 12 1 5 6 16 19 20 11 10 19 18 7 13 18 3
9 22 8 9 13 15 2 14 1 5 6 16 19 20 11 17 18 10 11 12
9 27 8 9 32 2 14 12 1 5 6 16 19 20 11 10 19 18 7 13
2 14 12 1 5 6 16 19 20 11 10 16 18 7 13 28 3 4 4 4
2 14 12 1 5 6 16 19 20 11 10 16 18 7 13 28 3 4 4 4
2 14 12 1 5 6 16 19 20 11 10 19 18 7 13 18 3 4 4 4
22 8 9 13 15 2 14 1 5 6 16 19 20 11 17 18 10 11 12 23
9 10 12 15 2 14 1 5 6 16 19 20 11 17 18 7 12 7 3 4
9 31 2 14 1 12 5 6 16 19 20 11 17 18 10 7 25 11 3 4
9 10 12 15 2 14 1 5 6 16 19 20 11 17 18 7 12 7 3 4
27 8 9 32 2 14 12 1 5 6 16 19 20 11 10 19 18 7 13 18
9 10 12 15 2 14 1 5 6 16 19 20 11 17 18 7 12 7 3 4
8 9 22 8 9 13 15 2 14 1 5 6 16 19 20 11 17 18 10 11
2 14 1 12 5 6 16 19 20 11 17 18 10 7 25 11 3 4 4 4
8 9 29 2 14 12 1 5 6 16 19 20 11 10 16 18 7 13 28 3
9 29 2 14 12 1 5 6 16 19 20 11 10 16 18 7 13 28 3 4
27 8 9 32 2 14 12 1 5 6 16 19 20 11 10 19 18 7 13 18
8 9 21 2 14 1 12 5 6 16 5 19 20 11 17 18 7 13 17 3
31 2 14 1 12 5 6 16 19 20 11 17 18 10 7 25 11 3 4 4
8 9 13 15 2 14 1 5 6 16 19 20 11 17 18 7 12 10 18 3
32 2 14 12 1 5 6 16 19 20 11 10 19 18 7 13 18 3 4 4
27 8 9 32 2 14 12 1 5 6 16 19 20 11 10 19 18 7 13 18
8 9 30 2 14 12 1 5 6 16 19 20 11 10 19 18 7 13 18 3
26 8 9 21 2 14 1 12 5 6 16 5 19 20 11 17 18 7 13 17
8 9 32 2 14 12 1 5 6 16 19 20 11 10 19 18 7 13 18 3
13 15 2 14 1 5 6 16 19 20 11 17 18 7 12 10 18 3 4 4
8 9 31 2 14 1 12 5 6 16 19 20 11 17 18 10 7 25 11 3
8 9 26 8 9 21 2 14 1 12 5 6 16 5 19 20 11 17 18 7
9 10 12 15 2 14 1 5 6 16 19 20 11 17 18 7 12 7 3 4
8 9 13 15 2 14 1 5 6 16 19 20 11 17 18 7 12 10 18 3
9 22 8 9 13 15 2 14 1 5 6 16 19 20 11 17 18 10 11 12
31 2 14 1 12 5 6 16 19 20 11 17 18 10 7 25 11 3 4 4
8 9 32 2 14 12 1 5 6 16 19 20 11 10 19 18 7 13 18 3
8 9 21 2 14 1 12 5 6 16 5 19 20 11 17 18 7 13 17 3
8 9 21 2 14 1 12 5 6 16 5 19 20 11 17 18 7 13 17 3
9 27 8 9 32 2 14 12 1 5 6 16 19 20 11 10 19 18 7 13
8 9 27 8 9 32 2 14 12 1 5 6 16 19 20 11 10 19 18 7
8 9 26 8 9 21 2 14 1 12 5 6 16 5 19 20 11 17 18 7
2 14 12 1 5 6 16 19 20 11 10 19 18 7 13 18 3 4 4 4
8 9 26 8 9 21 2 14 1 12 5 6 16 5 19 20 11 17 18 7
9 30 2 14 12 1 5 6 16 19 20 11 10 19 18 7 13 18 3 4
8 9 30 2 14 12 1 5 6 16 19 20 11 10 19 18 7 13 18 3
9 30 2 14 12 1 5 6 16 19 20 11 10 19 18 7 13 18 3 4
27 8 9 32 2 14 12 1 5 6 16 19 20 11 10 19 18 7 13 18
29 2 14 12 1 5 6 16 19 20 11 10 16 18 7 13 28 3 4 4
22 8 9 13 15 2 14 1 5 6 16 19 20 11 17 18 10 11 12 23
2 14 12 1 5 6 16 19 20 11 10 16 18 7 13 28 3 4 4 4
30 2 14 12 1 5 6 16 19 20 11 10 19 18 7 13 18 3 4 4
2 14 1 12 5 6 16 19 20 11 17 18 10 7 25 11 3 4 4 4
29 2 14 12 1 5 6 16 19 20 11 10 16 18 7 13 28 3 4 4
9 26 8 9 21 2 14 1 12 5 6 16 5 19 20 11 17 18 7 13
9 30 2 14 12 1 5 6 16 19 20 11 10 19 18 7 13 18 3 4
8 9 21 2 14 1 12 5 6 16 5 19 20 11 17 18 7 13 17 3
8 9 13 15 2 14 1 5 6 16 19 20 11 17 18 7 12 10 18 3
9 22 8 9 13 15 2 14 1 5 6 16 19 20 11 17 18 10 11 12
31 2 14 1 12 5 6 16 19 20 11 17 18 10 7 25 11 3 4 4
8 9 13 15 2 14 1 5 6 16 19 20 11 17 18 10 11 12 23 3
9 31 2 14 1 12 5 6 16 19 20 11 17 18 10 7 25 11 3 4
13 15 2 14 1 5 6 16 19 20 11 17 18 7 12 10 18 3 4 4
2 14 12 1 5 6 16 19 20 11 10 19 18 7 13 18 3 4 4 4
9 31 2 14 1 12 5 6 16 19 20 11 17 18 10 7 25 11 3 4
9 10 12 15 2 14 1 5 6 16 19 20 11 17 18 7 12 7 3 4
29 2 14 12 1 5 6 16 19 20 11 10 16 18 7 13 28 3 4 4
9 10 12 15 2 14 1 5 6 16 19 20 11 17 18 7 12 7 3 4
2 14 1 12 5 6 16 19 20 11 17 18 10 7 25 11 3 4 4 4
9 31 2 14 1 12 5 6 16 19 20 11 17 18 10 7 25 11 3 4
8 9 21 2 14 1 12 5 6 16 5 19 20 11 17 18 7 13 17 3
8 9 10 12 15 2 14 1 5 6 16 19 20 11 17 18 7 12 7 3
9 13 15 2 14 1 5 6 16 19 20 11 17 18 10 11 12 23 3 4
9 32 2 14 12 1 5 6 16 19 20 11 10 19 18 7 13 18 3 4
8 9 27 8 9 32 2 14 12 1 5 6 16 19 20 11 10 19 18 7
26 8 9 21 2 14 1 12 5 6 16 5 19 20 11 17 18 7 13 17
31 2 14 1 12 5 6 16 19 20 11 17 18 10 7 25 11 3 4 4
9 30 2 14 12 1 5 6 16 19 20 11 10 19 18 7 13 18 3 4
2 14 12 1 5 6 16 19 20 11 10 19 18 7 13 18 3 4 4 4
8 9 27 8 9 32 2 14 12 1 5 6 16 19 20 11 10 19 18 7
27 8 9 32 2 14 12 1 5 6 16 19 20 11 10 19 18 7 13 18
9 29 2 14 12 1 5 6 16 19 20 11 10 16 18 7 13 28 3 4
8 9 13 15 2 14 1 5 6 16 19 20 11 17 18 7 12 10 18 3
13 15 2 14 1 5 6 16 19 20 11 17 18 7 12 10 18 3 4 4
13 15 2 14 1 5 6 16 19 20 11 17 18 7 12 10 18 3 4 4
9 10 12 15 2 14 1 5 6 16 19 20 11 17 18 7 12 7 3 4
26 8 9 21 2 14 1 12 5 6 16 5 19 20 11 17 18 7 13 17
8 9 22 8 9 13 15 2 14 1 5 6 16 19 20 11 17 18 10 11
8 9 13 15 2 14 1 5 6 16 19 20 11 17 18 7 12 10 18 3
9 27 8 9 32 2 14 12 1 5 6 16 19 20 11 10 19 18 7 13
22 8 9 13 15 2 14 1 5 6 16 19 20 11 17 18 10 11 12 23
9 10 12 15 2 14 1 5 6 16 19 20 11 17 18 7 12 7 3 4
9 29 2 14 12 1 5 6 16 19 20 11 10 16 18 7 13 28 3 4
8 9 13 15 2 14 1 5 6 16 19 20 11 17 18 10 11 12 23 3
2 14 12 1 5 6 16 19 20 11 10 16 18 7 13 28 3 4 4 4
32 2 14 12 1 5 6 16 19 20 11 10 19 18 7 13 18 3 4 4
8 9 22 8 9 13 15 2 14 1 5 6 16 19 20 11 17 18 10 11
31 2 14 1 12 5 6 16 19 20 11 17 18 10 7 25 11 3 4 4
30 2 14 12 1 5 6 16 19 20 11 10 19 18 7 13 18 3 4 4
9 32 2 14 12 1 5 6 16 19 20 11 10 19 18 7 13 18 3 4
9 31 2 14 1 12 5 6 16 19 20 11 17 18 10 7 25 11 3 4
8 9 21 2 14 1 12 5 6 16 5 19 20 11 17 18 7 13 17 3
13 15 2 14 1 5 6 16 19 20 11 17 18 7 12 10 18 3 4 4
8 9 13 15 2 14 1 5 6 16 19 20 11 17 18 7 12 10 18 3
22 8 9 13 15 2 14 1 5 6 16 19 20 11 17 18 10 11 12 23
9 10 12 15 2 14 1 5 6 16 19 20 11 17 18 7 12 7 3 4
8 9 30 2 14 12 1 5 6 16 19 20 11 10 19 18 7 13 18 3
9 29 2 14 12 1 5 6 16 19 20 11 10 16 18 7 13 28 3 4
8 9 10 12 15 2 14 1 5 6 16 19 20 11 17 18 7 12 7 3
9 13 15 2 14 1 5 6 16 19 20 11 17 18 7 12 10 18 3 4
8 9 21 2 14 1 12 5 6 16 5 19 20 11 17 18 7 13 17 3
9 22 8 9 13 15 2 14 1 5 6 16 19 20 11 17 18 10 11 12
2 14 12 1 5 6 16 19 20 11 10 19 18 7 13 18 3 4 4 4
2 14 12 1 5 6 16 19 20 11 10 16 18 7 13 28 3 4 4 4
32 2 14 12 1 5 6 16 19 20 11 10 19 18 7 13 18 3 4 4
2 14 12 1 5 6 16 19 20 11 10 19 18 7 13 18 3 4 4 4
8 9 22 8 9 13 15 2 14 1 5 6 16 19 20 11 17 18 10 11
2 14 1 12 5 6 16 19 20 11 17 18 10 7 25 11 3 4 4 4
8 9 31 2 14 1 12 5 6 16 19 20 11 17 18 10 7 25 11 3
2 14 12 1 5 6 16 19 20 11 10 16 18 7 13 28 3 4 4 4
8 9 21 2 14 1 12 5 6 16 5 19 20 11 17 18 7 13 17 3
2 14 12 1 5 6 16 19 20 11 10 16 18 7 13 28 3 4 4 4
9 22 8 9 13 15 2 14 1 5 6 16 19 20 11 17 18 10 11 12
8 9 32 2 14 12 1 5 6 16 19 20 11 10 19 18 7 13 18 3
9 10 12 15 2 14 1 5 6 16 19 20 11 17 18 7 12 7 3 4
9 32 2 14 12 1 5 6 16 19 20 11 10 19 18 7 13 18 3 4
27 8 9 32 2 14 12 1 5 6 16 19 20 11 10 19 18 7 13 18
8 9 21 2 14 1 12 5 6 16 5 19 20 11 17 18 7 13 17 3
27 8 9 32 2 14 12 1 5 6 16 19 20 11 10 19 18 7 13 18
9 30 2 14 12 1 5 6 16 19 20 11 10 19 18 7 13 18 3 4
9 27 8 9 32 2 14 12 1 5 6 16 19 20 11 10 19 18 7 13
8 9 31 2 14 1 12 5 6 16 19 20 11 17 18 10 7 25 11 3
13 15 2 14 1 5 6 16 19 20 11 17 18 7 12 10 18 3 4 4
8 9 27 8 9 32 2 14 12 1 5 6 16 19 20 11 10 19 18 7
9 29 2 14 12 1 5 6 16 19 20 11 10 16 18 7 13 28 3 4
31 2 14 1 12 5 6 16 19 20 11 17 18 10 7 25 11 3 4 4
9 10 12 15 2 14 1 5 6 16 19 20 11 17 18 7 12 7 3 4
8 9 29 2 14 12 1 5 6 16 19 20 11 10 16 18 7 13 28 3
9 27 8 9 32 2 14 12 1 5 6 16 19 20 11 10 19 18 7 13
8 9 13 15 2 14 1 5 6 16 19 20 11 17 18 7 12 10 18 3
8 9 29 2 14 12 1 5 6 16 19 20 11 10 16 18 7 13 28 3
8 9 10 12 15 2 14 1 5 6 16 19 20 11 17 18 7 12 7 3
8 9 13 15 2 14 1 5 6 16 19 20 11 17 18 7 12 10 18 3
27 8 9 32 2 14 12 1 5 6 16 19 20 11 10 19 18 7 13 18
8 9 10 12 15 2 14 1 5 6 16 19 20 11 17 18 7 12 7 3
8 9 26 8 9 21 2 14 1 12 5 6 16 5 19 20 11 17 18 7
2 14 12 1 5 6 16 19 20 11 10 16 18 7 13 28 3 4 4 4
8 9 27 8 9 32 2 14 12 1 5 6 16 19 20 11 10 19 18 7
9 31 2 14 1 12 5 6 16 19 20 11 17 18 10 7 25 11 3 4
9 27 8 9 32 2 14 12 1 5 6 16 19 20 11 10 19 18 7 13
2 14 1 12 5 6 16 19 20 11 17 18 10 7 25 11 3 4 4 4
9 26 8 9 21 2 14 1 12 5 6 16 5 19 20 11 17 18 7 13
8 9 27 8 9 32 2 14 12 1 5 6 16 19 20 11 10 19 18 7
8 9 27 8 9 32 2 14 12 1 5 6 16 19 20 11 10 19 18 7
13 15 2 14 1 5 6 16 19 20 11 17 18 7 12 10 18 3 4 4
9 27 8 9 32 2 14 12 1 5 6 16 19 20 11 10 19 18 7 13
8 9 13 15 2 14 1 5 6 16 19 20 11 17 18 10 11 12 23 3
9 29 2 14 12 1 5 6 16 19 20 11 10 16 18 7 13 28 3 4
2 14 12 1 5 6 16 19 20 11 10 19 18 7 13 18 3 4 4 4
8 9 27 8 9 32 2 14 12 1 5 6 16 19 20 11 10 19 18 7
8 9 13 15 2 14 1 5 6 16 19 20 11 17 18 10 11 12 23 3
8 9 10 12 15 2 14 1 5 6 16 19 20 11 17 18 7 12 7 3
26 8 9 21 2 14 1 12 5 6 16 5 19 20 11 17 18 7 13 17
8 9 31 2 14 1 12 5 6 16 19 20 11 17 18 10 7 25 11 3
29 2 14 12 1 5 6 16 19 20 11 10 16 18 7 13 28 3 4 4
9 30 2 14 12 1 5 6 16 19 20 11 10 19 18 7 13 18 3 4
9 31 2 14 1 12 5 6 16 19 20 11 17 18 10 7 25 11 3 4
9 10 12 15 2 14 1 5 6 16 19 20 11 17 18 7 12 7 3 4
2 14 12 1 5 6 16 19 20 11 10 16 18 7 13 28 3 4 4 4
8 9 22 8 9 13 15 2 14 1 5 6 16 19 20 11 17 18 10 11
8 9 13 15 2 14 1 5 6 16 19 20 11 17 18 7 12 10 18 3
9 26 8 9 21 2 14 1 12 5 6 16 5 19 20 11 17 18 7 13
9 13 15 2 14 1 5 6 16 19 20 11 17 18 7 12 10 18 3 4
9 30 2 14 12 1 5 6 16 19 20 11 10 19 18 7 13 18 3 4
8 9 27 8 9 32 2 14 12 1 5 6 16 19 20 11 10 19 18 7
27 8 9 32 2 14 12 1 5 6 16 19 20 11 10 19 18 7 13 18
8 9 29 2 14 12 1 5 6 16 19 20 11 10 16 18 7 13 28 3
8 9 21 2 14 1 12 5 6 16 5 19 20 11 17 18 7 13 17 3
8 9 32 2 14 12 1 5 6 16 19 20 11 10 19 18 7 13 18 3
8 9 13 15 2 14 1 5 6 16 19 20 11 17 18 7 12 10 18 3
26 8 9 21 2 14 1 12 5 6 16 5 19 20 11 17 18 7 13 17
9 13 15 2 14 1 5 6 16 19 20 11 17 18 7 12 10 18 3 4
8 9 32 2 14 12 1 5 6 16 19 20 11 10 19 18 7 13 18 3
8 9 29 2 14 12 1 5 6 16 19 20 11 10 16 18 7 13 28 3
30 2 14 12 1 5 6 16 19 20 11 10 19 18 7 13 18 3 4 4
8 9 31 2 14 1 12 5 6 16 19 20 11 17 18 10 7 25 11 3
9 29 2 14 12 1 5 6 16 19 20 11 10 16 18 7 13 28 3 4
32 2 14 12 1 5 6 16 19 20 11 10 19 18 7 13 18 3 4 4