34 26 45 31 35 27 44 30 42 39 29 33 47 48 51 165 57 59 55 60
139 140 13 53 6 141 23 16 142 143 24 19 18 17 25 21 20 14 32 28
2 97 98 30 42 39 99 16 22 41 46 48 51 12 53 100 101 50 37 15
2 97 98 30 42 39 99 16 22 41 46 48 51 12 53 100 101 50 37 15
68 24 19 18 17 25 21 20 14 32 28 40 43 38 34 26 45 31 35 27
32 28 40 43 38 34 26 45 31 35 27 44 30 42 39 29 33 47 48 51
5 9 11 90 53 7 91 24 19 18 17 25 21 20 14 32 28 40 43 38
12 53 7 116 24 19 18 17 25 21 20 14 32 28 40 43 38 34 26 45
68 24 19 18 17 25 21 20 14 32 28 40 43 38 34 26 45 31 35 27
17 25 21 20 14 32 28 40 43 38 34 26 45 31 35 27 44 30 42 39
46 48 51 12 53 100 101 50 37 15 53 65 66 28 40 43 38 34 26 45
130 131 23 16 22 41 46 48 51 132 133 50 37 15 23 16 22 41 46 48
12 53 7 116 24 19 18 17 25 21 20 14 32 28 40 43 38 34 26 45
53 7 68 24 19 18 17 25 21 20 14 32 28 40 43 38 34 26 45 31
28 40 43 38 34 26 45 31 35 27 44 30 42 39 29 33 47 48 51 117
30 42 39 29 33 47 48 51 165 57 59 55 60 57 58 55 60 57 58 55
35 27 44 30 42 39 29 33 47 48 51 165 57 59 55 60 57 58 55 60
6 1 3 8 10 13 53 7 87 24 19 18 17 25 21 20 14 32 28 40
12 53 7 116 24 19 18 17 25 21 20 14 32 28 40 43 38 34 26 45
21 20 14 32 28 40 43 38 34 26 45 31 35 27 44 30 42 39 29 33
35 27 44 30 42 39 29 33 47 48 51 165 57 59 55 60 57 58 55 60
13 53 7 159 24 19 18 17 25 21 20 14 32 28 40 43 38 34 26 45
32 28 40 43 38 34 26 45 31 35 27 44 30 42 39 29 33 47 48 51
90 53 7 91 24 19 18 17 25 21 20 14 32 28 40 43 38 34 26 45
28 40 43 38 34 26 45 31 35 27 44 30 42 39 29 33 47 48 51 165
17 25 21 20 14 32 28 40 43 38 34 26 45 31 35 27 44 30 42 39
52 2 5 9 11 12 53 7 116 24 19 18 17 25 21 20 14 32 28 40
87 24 19 18 17 25 21 20 14 32 28 40 43 38 34 26 45 31 35 27
130 131 23 16 22 41 46 48 51 132 133 50 37 15 23 16 22 41 46 48
9 11 90 53 7 91 24 19 18 17 25 21 20 14 32 28 40 43 38 34
24 19 18 17 25 21 20 14 32 28 40 43 38 34 26 45 31 35 27 44
1 3 8 11 13 53 7 87 24 19 18 17 25 21 20 14 32 28 40 43
19 18 17 25 21 20 14 32 28 40 43 38 34 26 45 31 35 27 44 30
1 3 8 11 13 53 7 87 24 19 18 17 25 21 20 14 32 28 40 43
44 97 98 30 74 12 53 100 101 50 37 15 23 16 22 41 46 48 51 151
17 25 21 20 14 32 28 40 43 38 34 26 45 31 35 27 44 30 42 39
24 19 18 17 25 21 20 14 32 28 40 43 38 34 26 45 31 35 27 44
12 53 7 116 24 19 18 17 25 21 20 14 32 28 40 43 38 34 26 45
31 35 27 44 30 42 39 29 33 47 48 51 12 53 100 101 50 37 15 22
68 24 19 18 17 25 21 20 14 32 28 40 43 38 34 26 45 31 35 27
17 25 21 20 14 32 28 40 43 38 34 26 45 31 35 27 44 30 42 39
27 44 30 42 39 29 33 47 48 51 63 57 59 54 60 57 58 54 61 56
24 19 18 17 25 21 20 14 32 28 40 43 38 34 26 45 31 35 27 44
29 33 47 48 51 165 57 59 55 60 57 58 55 60 57 58 55 61 56 49
24 19 18 17 25 21 20 14 32 28 40 43 38 34 26 45 31 35 27 44
24 19 18 17 25 21 20 14 32 28 40 43 38 34 26 45 31 35 27 44
17 25 21 20 14 32 28 40 43 38 34 26 45 31 35 27 44 30 42 39
29 33 47 48 51 165 57 59 55 60 57 58 55 60 57 58 55 61 56 49
25 21 20 14 32 28 40 43 38 34 26 45 31 35 27 44 30 42 39 29
21 20 14 32 28 40 43 38 34 26 45 31 35 27 44 30 42 39 29 33
18 17 25 21 20 14 32 28 40 43 38 34 26 45 31 35 27 44 30 42
0 5 9 11 90 53 7 91 24 19 18 17 25 21 20 14 32 28 40 43
90 53 7 91 24 19 18 17 25 21 20 14 32 28 40 43 38 34 26 45
130 131 23 16 22 41 46 48 51 132 133 50 37 15 23 16 22 41 46 48
44 55 60 57 58 55 60 57 58 55 61 56 49 36 11 13 53 7 87 24
18 17 25 21 20 14 32 28 40 43 38 34 26 45 31 35 27 44 30 42
43 38 34 26 45 31 35 27 44 30 42 39 29 33 47 48 51 165 57 59
11 90 53 7 91 24 19 18 17 25 21 20 14 32 28 40 43 38 34 26
17 25 21 20 14 32 28 40 43 38 34 26 45 31 35 27 44 30 42 39
9 11 90 53 7 91 24 19 18 17 25 21 20 14 32 28 40 43 38 34
0 5 9 11 12 53 7 116 24 19 18 17 25 21 20 14 32 28 40 43
12 53 7 116 24 19 18 17 25 21 20 14 32 28 40 43 38 34 26 45
52 2 6 1 3 8 11 13 53 7 87 24 19 18 17 25 21 20 14 32
13 53 7 159 24 19 18 17 25 21 20 14 32 28 40 43 38 34 26 45
18 17 25 21 20 14 32 28 40 43 38 34 26 45 31 35 27 44 30 42
130 131 23 16 22 41 46 48 51 132 133 50 37 15 23 16 22 41 46 48
9 11 90 53 7 91 24 19 18 17 25 21 20 14 32 28 40 43 38 34
11 90 53 7 91 24 19 18 17 25 21 20 14 32 28 40 43 38 34 26
18 17 25 21 20 14 32 28 40 43 38 34 26 45 31 35 27 44 30 42
12 53 7 116 24 19 18 17 25 21 20 14 32 28 40 43 38 34 26 45
14 32 28 40 43 38 34 26 45 31 35 27 44 30 42 39 29 33 47 48
2 97 98 30 42 39 99 16 22 41 46 48 51 12 53 100 101 50 37 15
24 19 18 17 25 21 20 14 32 28 40 43 38 34 26 44 30 74 75 57
30 42 39 29 33 47 48 51 165 57 59 55 60 57 58 55 60 57 58 55
35 27 44 30 42 39 29 33 47 48 51 165 57 59 55 60 57 58 55 60
37 15 23 16 146 147 148 30 42 39 29 12 53 33 47 48 51 149 150 50
17 25 21 20 14 32 28 40 43 38 34 26 45 31 35 27 44 30 42 39
9 11 90 53 7 91 24 19 18 17 25 21 20 14 32 28 40 43 38 34
17 25 21 20 14 32 28 40 43 38 34 26 45 31 35 27 44 30 42 39
17 25 21 20 14 32 28 40 43 38 34 26 45 31 35 27 44 30 42 39
38 34 26 45 31 35 27 44 30 42 39 29 33 47 48 51 12 53 100 101
38 34 26 45 31 35 27 44 30 42 39 29 33 47 48 51 117 57 59 54
10 13 53 7 62 24 19 18 17 25 21 20 14 32 28 40 43 38 34 26
147 148 30 42 39 29 12 53 33 47 48 51 149 150 50 37 15 23 16 22
25 21 20 14 32 28 40 43 38 34 26 45 31 35 27 44 30 42 39 29
136 137 138 139 140 13 53 6 141 23 16 142 143 24 19 18 17 25 21 20
52 2 6 1 3 8 10 0 5 9 10 12 53 7 68 24 19 18 17 25
30 42 39 29 33 47 48 51 165 57 59 55 60 57 58 55 60 57 58 55
21 20 14 32 28 40 43 38 34 26 45 31 35 27 44 30 42 39 29 33
53 128 129 24 19 18 17 25 21 20 14 32 28 40 43 38 34 26 45 31
53 7 116 24 19 18 17 25 21 20 14 32 28 40 43 38 34 26 44 30
17 25 21 20 14 32 28 40 43 38 34 26 45 31 35 27 44 30 42 39
5 9 10 12 53 7 68 24 19 18 17 25 21 20 14 32 28 40 43 38
5 9 11 90 53 7 91 24 19 18 17 25 21 20 14 32 28 40 43 38
53 128 129 24 19 18 17 25 21 20 14 32 28 40 43 38 34 26 45 31
30 42 39 29 12 53 33 47 48 51 149 150 50 37 15 23 16 22 41 46
17 25 21 20 14 32 28 40 43 38 34 26 45 31 35 27 44 30 42 39
9 11 90 53 7 91 24 19 18 17 25 21 20 14 32 28 40 43 38 34
30 42 39 29 12 53 33 47 48 51 149 150 50 37 15 23 16 22 41 46
18 17 25 21 20 14 32 28 40 43 38 34 26 45 31 35 27 44 30 42
24 19 18 17 25 21 20 14 32 28 40 43 38 34 26 45 31 35 27 44
32 28 40 43 38 34 26 45 31 35 27 44 30 42 39 29 33 47 48 51
19 18 17 25 21 20 14 32 28 40 43 38 34 26 44 30 74 75 57 76
1 3 8 11 13 53 7 87 24 19 18 17 25 21 20 14 32 28 40 43
13 53 7 159 24 19 18 17 25 21 20 14 32 28 40 43 38 34 26 45
87 24 19 18 17 25 21 20 14 32 28 40 43 38 34 26 45 31 35 27
35 27 44 30 42 39 29 33 47 48 51 165 57 59 55 60 57 58 55 60
30 42 39 29 33 47 48 51 165 57 59 55 60 57 58 55 60 57 58 55
32 28 40 43 38 34 26 45 31 35 27 44 30 42 39 29 33 47 48 51
17 25 21 20 14 32 28 40 43 38 34 26 45 31 35 27 44 30 42 39
47 48 51 149 150 50 37 15 23 16 22 41 46 48 51 151 152 50 37 15
57 19 18 17 25 21 20 14 32 28 40 43 38 34 26 45 31 35 27 44
17 25 21 20 14 32 28 40 43 38 34 26 45 31 35 27 44 30 42 39
24 19 18 17 25 21 20 14 32 28 40 43 38 34 26 45 31 35 27 44
32 28 40 43 38 34 26 45 31 35 27 44 30 42 39 29 33 47 48 51
30 42 39 29 33 47 48 51 165 57 59 55 60 57 58 55 60 57 58 55
52 2 6 1 3 8 10 13 53 7 87 24 19 18 17 25 21 20 14 32
44 97 98 30 42 39 99 16 22 41 46 48 51 12 53 100 101 50 37 15
21 20 14 32 28 40 43 38 34 26 45 31 35 27 44 30 42 39 29 33
19 18 17 25 21 20 14 32 28 40 43 38 34 26 45 31 35 27 44 30
6 27 44 30 42 39 29 12 53 6 107 108 24 19 18 17 25 21 20 14
130 131 23 16 22 41 46 48 51 132 133 50 37 15 23 16 22 41 46 48
53 128 129 24 19 18 17 25 21 20 14 32 28 40 43 38 34 26 45 31
32 28 40 43 38 34 26 45 31 35 27 44 30 42 39 29 33 47 48 51
17 25 21 20 14 32 28 40 43 38 34 26 45 31 35 27 44 30 42 39
31 35 27 44 30 42 39 29 33 47 48 51 165 57 59 55 60 57 58 55
9 11 90 53 7 91 24 19 18 17 25 21 20 14 32 28 40 43 38 34
1 3 8 11 13 53 7 87 24 19 18 17 25 21 20 14 32 28 40 43
40 43 38 34 26 44 30 74 75 57 76 77 78 79 12 53 7 121 24 19
25 21 20 14 32 28 40 43 38 34 26 45 31 35 27 44 30 42 39 29
10 13 53 7 87 24 19 18 17 25 21 20 14 32 28 40 43 38 34 26
10 13 53 6 84 24 19 18 17 25 21 20 14 32 28 40 43 38 34 26
5 9 10 12 53 7 68 24 19 18 17 25 21 20 14 32 28 40 43 38
24 19 18 17 25 21 20 14 32 28 40 43 38 34 26 45 31 35 27 44
68 24 19 18 17 25 21 20 14 32 28 40 43 38 34 26 44 30 74 75
20 14 32 28 40 43 38 34 26 45 31 35 27 44 30 42 39 29 33 47
13 53 7 159 24 19 18 17 25 21 20 14 32 28 40 43 38 34 26 45
18 17 25 21 20 14 32 28 40 43 38 34 26 45 31 35 27 44 30 42
9 11 90 53 7 91 24 19 18 17 25 21 20 14 32 28 40 43 38 34
17 25 21 20 14 32 28 40 43 38 34 26 45 31 35 27 44 30 42 39
20 14 32 28 40 43 38 34 26 45 31 35 27 44 30 42 39 29 33 47
11 90 53 7 91 24 19 18 17 25 21 20 14 32 28 40 43 38 34 26
47 48 51 149 150 50 37 15 23 16 22 41 46 48 51 151 152 50 37 15
17 25 21 20 14 32 28 40 43 38 34 26 45 31 35 27 44 30 42 39
17 25 21 20 14 32 28 40 43 38 34 26 45 31 35 27 44 30 42 39
19 18 17 25 21 20 14 32 28 40 43 38 34 26 44 30 74 75 57 76
1 3 8 11 13 53 7 62 24 19 18 17 25 21 20 14 32 28 40 43
71 24 19 18 17 25 21 20 14 32 28 40 43 38 34 26 45 31 35 27
28 40 43 38 34 26 45 31 35 27 44 30 42 39 29 33 47 48 51 165
1 3 8 11 12 53 7 116 24 19 18 17 25 21 20 14 32 28 40 43
39 29 12 53 33 47 48 51 149 150 50 37 15 23 16 22 41 46 48 51
30 42 39 29 33 47 48 51 165 57 59 55 60 57 58 55 60 57 58 55
24 19 18 17 25 21 20 14 32 28 40 43 38 34 26 44 30 74 75 57
0 5 9 11 90 53 7 91 24 19 18 17 25 21 20 14 32 28 40 43
4 9 11 106 53 7 2 97 98 30 42 39 99 16 22 41 46 48 51 12
38 34 26 45 31 35 27 44 30 42 39 29 33 47 48 51 165 57 59 55
4 9 11 106 53 7 2 97 98 30 42 39 99 16 22 41 46 48 51 12
18 17 25 21 20 14 32 28 40 43 38 34 26 45 31 35 27 44 30 42
40 43 38 34 26 45 31 35 27 44 30 42 39 29 33 47 48 51 165 57
24 19 18 17 25 21 20 14 32 28 40 43 38 34 26 45 31 35 27 44
24 19 18 17 25 21 20 14 32 28 40 43 38 34 26 45 31 35 27 44
47 48 51 149 150 50 37 15 23 16 22 41 46 48 51 151 152 50 37 15
18 17 25 21 20 14 32 28 40 43 38 34 26 45 31 35 27 44 30 42
10 0 5 9 10 12 53 7 68 24 19 18 17 25 21 20 14 32 28 40
21 20 14 32 28 40 43 38 34 26 45 31 35 27 44 30 42 39 29 33
147 148 30 42 39 29 12 53 33 47 48 51 149 150 50 37 15 23 16 22
53 71 24 19 18 17 25 21 20 14 32 28 40 43 38 34 26 45 31 35
24 19 18 17 25 21 20 14 32 28 40 43 38 34 26 45 31 35 27 44
45 31 35 27 44 30 42 39 29 33 47 48 51 165 57 59 55 60 57 58
17 25 21 20 14 32 28 40 43 38 34 26 45 31 35 27 44 30 42 39
24 19 18 17 25 21 20 14 32 28 40 43 38 34 26 45 31 35 27 44
24 19 18 17 25 21 20 14 32 28 40 43 38 34 26 45 31 35 27 44
10 13 53 7 62 24 19 18 17 25 21 20 14 32 28 40 43 38 34 26
1 3 8 11 13 53 7 87 24 19 18 17 25 21 20 14 32 28 40 43
147 148 30 42 39 29 12 53 33 47 48 51 149 150 50 37 15 23 16 22
32 28 40 43 38 34 26 45 31 35 27 44 30 42 39 29 33 47 48 51
34 26 44 30 74 75 57 76 77 78 79 33 47 48 51 149 150 50 37 15
1 3 8 10 13 53 7 87 24 19 18 17 25 21 20 14 32 28 40 43
24 19 18 17 25 21 20 14 32 28 40 43 38 34 26 45 31 35 27 44
131 23 16 22 41 46 48 51 132 133 50 37 15 23 16 22 41 46 48 51
130 131 23 16 22 41 46 48 51 132 133 50 37 15 23 16 22 41 46 48
53 128 129 24 19 18 17 25 21 20 14 32 28 40 43 38 34 26 45 31
25 21 20 14 32 28 40 43 38 34 26 45 31 35 27 44 30 42 39 29
30 42 39 29 33 47 48 51 165 57 59 55 60 57 58 55 60 57 58 55
21 20 14 32 28 40 43 38 34 26 45 31 35 27 44 30 42 39 29 33
24 19 18 17 25 21 20 14 32 28 40 43 38 34 26 45 31 35 27 44
21 20 14 32 28 40 43 38 34 26 45 31 35 27 44 30 42 39 29 33
45 31 35 27 44 30 42 39 29 33 47 48 51 165 57 59 55 60 57 58
53 7 159 24 19 18 17 25 21 20 14 32 28 40 43 38 34 26 45 31
2 97 98 30 42 39 99 16 22 41 46 48 51 12 53 100 101 50 37 15
8 10 0 5 9 10 12 53 7 68 24 19 18 17 25 21 20 14 32 28
24 19 18 17 25 21 20 14 32 28 40 43 38 34 26 45 31 35 27 44
47 48 51 149 150 50 37 15 23 16 22 41 46 48 51 151 152 50 37 15
17 25 21 20 14 32 28 40 43 38 34 26 45 31 35 27 44 30 42 39
21 20 14 32 28 40 43 38 34 26 45 31 35 27 44 30 42 39 29 33
12 53 7 116 24 19 18 17 25 21 20 14 32 28 40 43 38 34 26 45
53 12 53 6 27 44 30 42 39 29 33 47 48 51 165 57 59 55 60 57
9 11 90 53 7 91 24 19 18 17 25 21 20 14 32 28 40 43 38 34
24 19 18 17 25 21 20 14 32 28 40 43 38 34 26 45 31 35 27 44
18 17 25 21 20 14 32 28 40 43 38 34 26 45 31 35 27 44 30 42
24 19 18 17 25 21 20 14 32 28 40 43 38 34 26 45 31 35 27 44
30 42 39 29 33 47 48 51 165 57 59 55 60 57 58 55 60 57 58 55
19 18 17 25 21 20 14 32 28 40 43 38 34 26 45 31 35 27 44 30
110 111 112 30 42 39 29 33 47 48 51 165 57 59 55 60 57 58 55 60
9 11 90 53 7 91 24 19 18 17 25 21 20 14 32 28 40 43 38 34
53 128 129 24 19 18 17 25 21 20 14 32 28 40 43 38 34 26 45 31
14 32 28 40 43 38 34 26 45 31 35 27 44 30 42 39 29 33 47 48
44 97 98 30 42 39 99 16 22 41 46 48 51 12 53 100 101 50 37 15
24 19 18 17 25 21 20 14 32 28 40 43 38 34 26 45 31 35 27 44
25 21 20 14 32 28 40 43 38 34 26 45 31 35 27 44 30 42 39 29
0 5 9 5 9 10 12 53 7 68 24 19 18 17 25 21 20 14 32 28
40 43 38 34 26 45 31 35 27 44 30 42 39 29 33 47 48 51 165 57
14 32 28 40 43 38 34 26 44 30 74 75 57 76 77 78 79 12 53 7
18 17 25 21 20 14 32 28 40 43 38 34 26 45 31 35 27 44 30 42
34 26 45 31 35 27 44 30 42 39 29 33 47 48 51 165 57 59 55 60
26 45 31 35 27 44 30 42 39 29 33 47 48 51 165 57 59 55 60 57
10 12 53 7 121 24 19 18 17 25 21 20 14 32 28 40 43 38 34 26
30 42 39 29 12 53 33 47 48 51 149 150 50 37 15 23 16 22 41 46
12 53 7 116 24 19 18 17 25 21 20 14 32 28 40 43 38 34 26 45
14 32 28 40 43 38 34 26 45 31 35 27 44 30 42 39 29 33 47 48
10 13 53 7 87 24 19 18 17 25 21 20 14 32 28 40 43 38 34 26
24 19 18 17 25 21 20 14 32 28 40 43 38 34 26 45 31 35 27 44
1 3 8 11 13 53 7 87 24 19 18 17 25 21 20 14 32 28 40 43
42 39 29 33 47 48 51 165 57 59 55 60 57 58 55 60 57 58 55 61
18 17 25 21 20 14 32 28 40 43 38 34 26 45 31 35 27 44 30 42
130 131 23 16 22 41 46 48 51 132 133 50 37 15 23 16 22 41 46 48
44 97 98 30 42 39 99 16 22 41 46 48 51 132 133 50 37 15 23 16
17 25 21 20 14 32 28 40 43 38 34 26 44 30 74 75 57 76 77 78
53 128 129 24 19 18 17 25 21 20 14 32 28 40 43 38 34 26 45 31
3 8 11 13 53 7 87 24 19 18 17 25 21 20 14 32 28 40 43 38
47 48 51 149 150 50 37 15 23 16 22 41 46 48 51 151 152 50 37 15
28 40 43 38 34 26 45 31 35 27 44 30 42 39 29 33 47 48 51 165
24 19 18 17 25 21 20 14 32 28 40 43 38 34 26 45 31 35 27 44
19 18 17 25 21 20 14 32 28 40 43 38 34 26 45 31 35 27 44 30
139 140 13 23 16 142 143 24 19 18 17 25 21 20 14 32 28 40 43 38
53 7 116 24 19 18 17 25 21 20 14 32 28 40 43 38 34 26 45 31
35 27 44 30 42 39 29 33 47 48 51 117 57 59 54 60 57 58 54 60
21 20 14 32 28 40 43 38 34 26 45 31 35 27 44 30 42 39 29 33
73 24 19 18 17 25 21 20 14 32 28 40 43 38 34 26 45 31 35 27
20 14 32 28 40 43 38 34 26 45 31 35 27 44 30 42 39 29 33 47
130 131 23 16 22 41 46 48 51 132 133 50 37 15 23 16 22 41 46 48
30 42 39 29 33 47 48 51 165 57 59 55 60 57 58 55 60 57 58 55
5 9 42 39 29 33 47 48 51 9 11 90 53 7 91 24 19 18 17 25
34 26 45 31 35 27 44 30 42 39 29 33 47 48 51 165 57 59 55 60
19 18 17 25 21 20 14 32 28 40 43 38 34 26 45 31 35 27 44 30
52 2 1 3 8 10 0 5 9 10 12 53 7 121 24 19 18 17 25 21
44 97 98 30 42 39 99 16 22 41 46 48 51 12 53 100 101 50 37 15
87 24 19 18 17 25 21 20 14 32 28 40 43 38 34 26 45 31 35 27
5 9 10 12 53 7 68 24 19 18 17 25 21 20 14 32 28 40 43 38
18 17 25 21 20 14 32 28 40 43 38 34 26 45 31 35 27 44 30 42
17 25 21 20 14 32 28 40 43 38 34 26 45 31 35 27 44 30 42 39
53 7 68 24 19 18 17 25 21 20 14 32 28 40 43 38 34 26 45 31
27 44 30 42 39 29 33 47 48 51 165 57 59 55 60 57 58 55 60 57
53 7 68 24 19 18 17 25 21 20 14 32 28 40 43 38 34 26 45 31
34 26 45 31 35 27 44 30 42 39 29 33 47 48 51 165 57 59 55 60
145 37 15 23 16 146 147 148 30 42 39 29 12 53 33 47 48 51 149 150
1 3 8 11 13 53 7 87 24 19 18 17 25 21 20 14 32 28 40 43
20 14 32 28 40 43 38 34 26 45 31 35 27 44 30 42 39 29 33 47
38 34 26 45 31 35 27 44 30 42 39 29 33 47 48 51 12 53 100 101
30 42 39 29 12 53 33 47 48 51 149 150 50 37 15 23 16 22 41 46
147 148 30 42 39 29 12 53 33 47 48 51 149 150 50 37 15 23 16 22
10 13 53 7 62 24 19 18 17 25 21 20 14 32 28 40 43 38 34 26
20 14 32 28 40 43 38 34 26 44 30 74 75 57 76 77 78 79 30 74
30 42 39 29 12 53 33 47 48 51 149 150 50 37 15 23 16 22 41 46
125 126 23 16 127 12 53 128 129 24 19 18 17 25 21 20 14 32 28 40
24 19 18 17 25 21 20 14 32 28 40 43 38 34 26 45 31 35 27 44
40 43 38 34 26 45 31 35 27 44 30 42 39 29 33 47 48 51 165 57
27 44 30 42 39 29 12 53 33 47 48 51 149 150 50 37 15 23 16 22
37 15 23 16 146 147 148 30 42 39 29 12 53 33 47 48 51 149 150 50
19 18 17 25 21 20 14 32 28 40 43 38 34 26 45 31 35 27 44 30
32 28 40 43 38 34 26 45 31 35 27 44 30 42 39 29 33 47 48 51
1 3 8 11 13 5 9 10 12 53 7 68 24 19 18 17 25 21 20 14
17 25 21 20 14 32 28 40 43 38 34 26 45 31 35 27 44 30 42 39
25 21 20 14 32 28 40 43 38 34 26 45 31 35 27 44 30 42 39 29
18 17 25 21 20 14 32 28 40 43 38 34 26 45 31 35 27 44 30 42
3 8 10 0 5 9 10 12 53 7 68 24 19 18 17 25 21 20 14 32
34 26 45 31 35 27 44 30 42 39 29 33 47 48 51 165 57 59 55 60
17 25 21 20 14 32 28 40 43 38 34 26 44 30 74 75 57 76 77 78
53 128 129 24 19 18 17 25 21 20 14 32 28 40 43 38 34 26 45 31
31 35 27 44 30 42 39 29 33 47 48 51 165 57 59 55 60 57 58 55
17 25 21 20 14 32 28 40 43 38 34 26 45 31 35 27 44 30 42 39
12 53 7 116 24 19 18 17 25 21 20 14 32 28 40 43 38 34 26 45
39 29 33 47 48 51 165 57 59 55 60 57 58 55 60 57 58 55 61 56
24 19 18 17 25 21 20 14 32 28 40 43 38 34 26 45 31 35 27 44
24 19 18 17 25 21 20 14 32 28 40 43 38 34 26 45 31 35 27 44
24 19 18 17 25 21 20 14 32 28 40 43 38 34 26 45 31 35 27 44
13 53 7 159 24 19 18 17 25 21 20 14 32 28 40 43 38 34 26 44
32 28 40 43 38 34 26 45 31 35 27 44 30 42 39 29 33 47 48 51
18 17 25 21 20 14 32 28 40 43 38 34 26 45 31 35 27 44 30 42
1 3 8 11 13 53 7 87 24 19 18 17 25 21 20 14 32 28 40 43
2 97 98 30 42 39 99 16 22 41 46 48 51 12 53 100 101 50 37 15
24 19 18 17 25 21 20 14 32 28 40 43 38 34 26 45 31 35 27 44
9 11 90 53 7 91 24 19 18 17 25 21 20 14 32 28 40 43 38 34
17 25 21 20 14 32 28 40 43 38 34 26 45 31 35 27 44 30 42 39
12 53 7 116 24 19 18 17 25 21 20 14 32 28 40 43 38 34 26 45
9 11 90 53 33 47 48 51 149 150 50 37 15 23 16 22 41 46 48 51
24 19 18 17 25 21 20 14 32 28 40 43 38 34 26 45 31 35 27 44
53 128 129 24 19 18 17 25 21 20 14 32 28 40 43 38 34 26 45 31
21 20 14 32 28 40 43 38 34 26 45 31 35 27 44 30 42 39 29 33
121 24 19 18 17 25 21 20 14 32 28 40 43 38 34 26 45 31 35 27
47 48 51 149 150 50 37 15 23 16 22 41 46 48 51 151 152 50 37 15
14 32 28 40 43 38 34 26 45 31 35 27 44 30 42 39 29 33 47 48
11 90 53 7 91 24 19 18 17 25 21 20 14 32 28 40 43 38 34 26
53 128 129 24 19 18 17 25 21 20 14 32 28 40 43 38 34 26 45 31
27 44 30 42 39 29 12 53 33 47 48 51 149 150 50 37 15 23 16 22
3 8 11 13 53 7 87 24 19 18 17 25 21 20 14 32 28 40 43 38
35 27 44 30 42 39 29 33 47 48 51 165 57 59 55 60 57 58 55 60
64 24 19 18 17 25 21 20 14 32 28 40 43 38 34 26 45 31 35 27
53 7 68 24 19 18 17 25 21 20 14 32 28 40 43 38 34 26 45 31
20 14 32 28 40 43 38 34 26 45 31 35 27 44 30 42 39 29 33 47
39 29 12 53 33 47 48 51 149 150 50 37 15 23 16 22 41 46 48 51
5 9 10 12 53 7 68 24 19 18 17 25 21 20 14 32 28 40 43 38
130 131 23 16 22 41 46 48 51 132 133 50 37 15 23 16 22 41 46 48
27 44 30 42 39 29 33 47 48 51 165 57 59 55 60 57 58 55 60 57
24 19 18 17 25 21 20 14 32 28 40 43 38 34 26 45 31 35 27 44
32 28 40 43 38 34 26 45 31 35 27 44 30 42 39 29 33 47 48 51
24 19 18 17 25 21 20 14 32 28 40 43 38 34 26 45 31 35 27 44
17 25 21 20 14 32 28 40 43 38 34 26 45 31 35 27 44 30 42 39
22 41 46 48 51 132 133 50 37 15 23 16 22 41 46 48 51 151 152 50
108 24 19 18 17 25 21 20 14 32 28 40 43 38 34 26 45 31 35 27
19 18 17 25 21 20 14 32 28 40 43 38 34 26 45 31 35 27 44 30
6 80 19 18 17 25 21 20 14 32 28 40 43 38 34 26 45 31 35 27
11 90 53 7 91 24 19 18 17 25 21 20 14 32 28 40 43 38 34 26
9 11 90 53 7 91 24 19 18 17 25 21 20 14 32 28 40 43 38 34
24 19 18 17 25 21 20 14 32 28 40 43 38 34 26 45 31 35 27 44
1 3 8 11 13 53 7 87 24 19 18 17 25 21 20 14 32 28 40 43
53 128 129 24 19 18 17 25 21 20 14 32 28 40 43 38 34 26 45 31
25 21 20 14 32 28 40 43 38 34 26 45 31 35 27 44 30 42 39 29
10 13 53 7 87 24 19 18 17 25 21 20 14 32 28 40 43 38 34 26
32 28 40 43 38 34 26 45 31 35 27 44 30 42 39 29 33 47 48 51
4 9 11 106 53 7 116 24 19 18 17 25 21 20 14 32 28 40 43 38
20 14 32 28 40 43 38 34 26 45 31 35 27 44 30 42 39 29 33 47
31 35 27 44 30 42 39 29 33 47 48 51 12 53 100 101 50 37 15 22
130 131 23 16 22 41 46 48 51 132 133 50 37 15 23 16 22 41 46 48
24 19 18 17 25 21 20 14 32 28 40 43 38 34 26 45 31 35 27 44
84 24 19 18 17 25 21 20 14 32 28 40 43 38 34 26 44 30 74 75
68 24 19 18 17 25 21 20 14 32 28 40 43 38 34 26 45 31 35 27
17 25 21 20 14 32 28 40 43 38 34 26 45 31 35 27 44 30 42 39
11 90 53 7 91 24 19 18 17 25 21 20 14 32 28 40 43 38 34 26
35 27 44 30 42 39 29 33 47 48 51 165 57 59 55 60 57 58 55 60
13 53 6 166 24 19 18 17 25 21 20 14 32 28 40 43 38 34 26 45
9 11 90 53 7 91 24 19 18 17 25 21 20 14 32 28 40 43 38 34
18 17 25 21 20 14 32 28 40 43 38 34 26 45 31 35 27 44 30 42
24 19 18 17 25 21 20 14 32 28 40 43 38 34 26 45 31 35 27 44
131 23 16 22 41 46 48 51 132 133 50 37 15 23 16 22 41 46 48 51
32 28 40 43 38 34 26 45 31 35 27 44 30 42 39 29 33 47 48 51
24 19 18 17 25 21 20 14 32 28 40 43 38 34 26 45 31 35 27 44
0 5 9 10 12 53 7 68 24 19 18 17 25 21 20 14 32 28 40 43
9 11 90 53 7 91 24 19 18 17 25 21 20 14 32 28 40 43 38 34
31 35 27 44 30 42 39 29 33 47 48 51 165 57 59 55 60 57 58 55
53 128 129 24 19 18 17 25 21 20 14 32 28 40 43 38 34 26 45 31
125 126 23 16 127 12 53 128 129 24 19 18 17 25 21 20 14 32 28 40
5 9 11 12 53 7 116 24 19 18 17 25 21 20 14 32 28 40 43 38
35 27 44 30 42 39 29 33 47 48 51 165 57 59 55 60 57 58 55 60
20 14 32 28 40 43 38 34 26 45 31 35 27 44 30 42 39 29 33 47
0 5 9 10 12 53 7 68 24 19 18 17 25 21 20 14 32 28 40 43
34 26 45 31 35 27 44 30 42 39 29 33 47 48 51 12 53 100 101 50
17 25 21 20 14 32 28 40 43 38 34 26 45 31 35 27 44 30 42 39
35 27 44 30 42 39 29 33 47 48 51 165 57 59 55 60 57 58 55 60
30 42 39 29 33 47 48 51 165 57 59 55 60 57 58 55 60 57 58 55
131 23 16 22 41 46 48 51 12 53 100 101 50 37 15 22 41 102 103 37
32 28 40 43 38 34 26 45 31 35 27 44 30 42 39 29 33 47 48 51
35 27 44 30 42 39 29 33 47 48 51 165 57 59 55 60 57 58 55 60
24 19 18 17 25 21 20 14 32 28 40 43 38 34 26 45 31 35 69 44
24 19 18 17 25 21 20 14 32 28 40 43 38 34 26 45 31 35 27 44
18 17 25 21 20 14 32 28 40 43 38 34 26 45 31 35 27 44 30 42
42 39 29 33 47 48 51 165 57 59 55 60 57 58 55 60 57 58 55 61
32 28 40 43 38 34 26 45 31 35 27 44 30 42 39 29 33 47 48 51
42 39 29 33 47 48 51 12 53 100 101 50 37 15 22 41 102 103 37 15
12 53 7 116 24 19 18 17 25 21 20 14 32 28 40 43 38 34 26 45
44 97 98 30 42 39 99 16 22 41 46 48 51 12 53 100 101 50 37 15
32 28 40 43 38 34 26 45 31 35 27 44 30 42 39 29 12 53 33 47
121 24 19 18 17 25 21 20 14 32 28 40 43 38 34 26 45 31 35 27
40 43 38 34 26 45 31 35 27 44 30 42 39 29 33 47 48 51 165 57
30 42 39 29 33 47 48 51 165 57 59 55 60 57 58 55 60 57 58 55
39 29 12 53 33 47 48 51 149 150 50 37 15 23 16 22 41 46 48 51
18 17 25 21 20 14 32 28 40 43 38 34 26 45 31 35 27 44 30 42
44 30 42 39 29 12 53 33 47 48 51 149 150 50 37 15 23 16 22 41
20 14 32 28 40 43 38 34 26 45 31 35 27 44 30 42 39 29 33 47
5 9 10 12 53 7 121 24 19 18 17 25 21 20 14 32 28 40 43 38
40 43 38 34 26 45 31 35 27 44 30 42 39 29 33 47 48 51 12 53
17 25 21 20 14 32 28 40 43 38 34 26 45 31 35 27 44 30 42 39
9 11 90 53 7 91 24 19 18 17 25 21 20 14 32 28 40 43 38 34
17 25 21 20 14 32 28 40 43 38 34 26 45 31 35 27 44 30 42 39
20 14 32 28 40 43 38 34 26 45 31 35 27 44 30 42 39 29 33 47
17 25 21 20 14 32 28 40 43 38 34 26 45 31 35 27 44 30 42 39
53 128 129 24 19 18 17 25 21 20 14 32 28 40 43 38 34 26 45 31
8 11 13 53 7 87 24 19 18 17 25 21 20 14 32 28 40 43 38 34
28 40 43 38 34 26 45 31 35 27 44 30 42 39 29 33 47 48 51 165
24 19 18 17 25 21 20 14 32 28 40 43 38 34 26 44 30 74 75 57
53 7 68 24 19 18 17 25 21 20 14 32 28 40 43 38 34 26 45 31
14 32 28 40 43 38 34 26 45 31 35 27 44 30 42 39 29 33 47 48
10 13 53 7 87 24 19 18 17 25 21 20 14 32 28 40 43 38 34 26
11 90 53 7 91 24 19 18 17 25 21 20 14 32 28 40 43 38 34 26
17 25 21 20 14 32 28 40 43 38 34 26 44 30 74 75 57 76 77 78
21 20 14 32 28 40 43 38 34 26 45 31 35 27 44 30 42 39 29 33
38 34 26 45 31 35 27 44 30 42 39 29 33 47 48 51 117 57 59 54
21 20 14 32 28 40 43 38 34 26 45 31 35 27 44 30 42 39 29 33
17 25 21 20 14 32 28 40 43 38 34 26 45 31 35 27 44 30 42 39
5 9 11 90 53 7 91 24 19 18 17 25 21 20 14 32 28 40 43 38
53 7 68 24 19 18 17 25 21 20 14 32 28 40 43 38 34 26 45 31
20 14 32 28 40 43 38 34 26 45 31 35 27 44 30 42 39 29 33 47
17 25 21 20 14 32 28 40 43 38 34 26 45 31 35 27 44 30 42 39
24 19 18 17 25 21 20 14 32 28 40 43 38 34 26 45 31 35 27 44
20 14 32 28 40 43 38 34 26 45 31 35 27 44 30 42 39 29 33 47
9 11 90 53 7 91 24 19 18 17 25 21 20 14 32 28 40 43 38 34
35 27 44 30 42 39 29 33 47 48 51 165 57 59 55 60 57 58 55 60
8 11 13 53 7 87 24 19 18 17 25 21 20 14 32 28 40 43 38 34
35 27 44 30 42 39 29 33 47 48 51 165 57 59 55 60 57 58 55 60
45 31 35 27 44 30 42 39 29 33 47 48 51 165 57 59 55 60 57 58
34 26 45 31 35 27 44 30 42 39 29 33 47 48 51 165 57 59 55 60
24 19 18 17 25 21 20 14 32 28 40 43 38 34 26 45 31 35 27 44
35 27 44 30 42 39 29 33 47 48 51 165 57 59 55 60 57 58 55 60
53 128 129 24 19 18 17 25 21 20 14 32 28 40 43 38 34 26 45 31
20 14 32 28 40 43 38 34 26 45 31 35 27 44 30 42 39 29 33 47
35 27 44 30 42 39 29 33 47 48 51 165 57 59 55 60 57 58 55 60
21 20 14 32 28 40 43 38 34 26 45 31 35 27 44 30 42 39 29 33
53 128 129 24 19 18 17 25 21 20 14 32 28 40 43 38 34 26 45 31
1 3 8 11 13 5 9 10 12 53 7 68 24 19 18 17 25 21 20 14
53 7 159 24 19 18 17 25 21 20 14 32 28 40 43 38 34 26 45 31
11 90 53 7 91 24 19 18 17 25 21 20 14 32 28 40 43 38 34 26
12 53 7 116 24 19 18 17 25 21 20 14 32 28 40 43 38 34 26 45
18 17 25 21 20 14 32 28 40 43 38 34 26 45 31 35 27 44 30 42
3 8 27 44 30 42 39 29 33 47 48 51 165 57 59 55 60 57 58 55
3 8 11 13 53 7 87 24 19 18 17 25 21 20 14 32 28 40 43 38
136 137 138 139 140 13 53 6 141 23 16 142 143 24 19 18 17 25 21 20
30 42 39 29 33 47 48 51 165 57 59 55 60 57 58 55 60 57 58 55
20 14 32 28 40 43 38 34 26 45 31 35 27 44 30 42 39 29 33 47
131 23 16 22 41 46 48 51 132 133 50 37 15 23 16 22 41 46 48 51
24 19 18 17 25 21 20 14 32 28 40 43 38 34 26 45 31 35 27 44
87 24 19 18 17 25 21 20 14 32 28 40 43 38 34 26 45 31 35 27
52 6 27 44 30 42 39 130 131 23 16 22 41 46 48 51 132 133 50 37
31 35 27 44 30 42 39 29 33 47 48 51 165 57 59 55 60 57 58 55
24 19 18 17 25 21 20 14 32 28 40 43 38 34 26 45 31 35 27 44
22 41 46 48 51 12 53 100 101 50 37 15 23 16 22 41 46 48 51 151
14 32 28 40 43 38 34 26 45 31 35 27 44 30 42 39 29 33 47 48
17 25 21 20 14 32 28 40 43 38 34 26 45 31 35 27 44 30 42 39
68 24 19 18 17 25 21 20 14 32 28 40 43 38 34 26 45 31 35 27
53 128 129 24 19 18 17 25 21 20 14 32 28 40 43 38 34 26 45 31
13 53 7 159 24 19 18 17 25 21 20 14 32 28 40 43 38 34 26 45
18 17 25 21 20 14 32 28 40 43 38 34 26 45 31 35 27 44 30 42
44 97 98 30 42 39 99 16 22 41 46 48 51 132 133 50 37 15 23 16
18 17 25 21 20 14 32 28 40 43 38 34 26 45 31 35 27 44 30 42
28 40 43 38 34 26 45 31 35 27 44 30 42 39 29 33 47 48 51 165
30 42 39 29 33 47 48 51 165 57 59 55 60 57 58 55 60 57 58 55
2 97 98 30 42 39 99 16 22 41 46 48 51 12 53 100 101 50 37 15
25 21 20 14 32 28 40 43 38 34 26 45 31 35 27 44 30 42 39 29
1 3 8 11 13 53 7 87 24 19 18 17 25 21 20 14 32 28 40 43
87 24 19 18 17 25 21 20 14 32 28 40 43 38 34 26 45 31 35 27
24 19 18 17 25 21 20 14 32 28 40 43 38 34 26 45 31 35 27 44
28 40 43 38 34 26 45 31 35 27 44 30 42 39 29 33 47 48 51 165
20 14 32 28 40 43 38 34 26 45 31 35 27 44 30 42 39 29 33 47
130 131 23 16 22 41 46 48 51 132 133 50 37 15 23 16 22 41 46 48
139 140 13 53 6 141 23 16 142 143 24 19 18 17 25 21 20 14 32 28
42 39 29 33 47 48 51 154 57 59 54 60 57 58 54 60 57 58 54 61
11 90 53 7 91 24 19 18 17 25 21 20 14 32 28 40 43 38 34 26
17 25 21 20 14 32 28 40 43 38 34 26 45 31 35 27 44 30 42 39
18 17 25 21 20 14 32 28 40 43 38 34 26 45 31 35 27 44 30 42
34 26 45 31 35 27 44 30 42 39 29 33 47 48 51 165 57 59 55 60
47 48 51 149 150 50 37 15 23 16 22 41 46 48 51 151 152 50 37 15
45 31 35 27 44 30 42 39 29 33 47 48 51 165 57 59 55 60 57 58
12 53 7 116 24 19 18 17 25 21 20 14 32 28 40 43 38 34 26 45
9 11 90 53 7 91 24 19 18 17 25 21 20 14 32 28 40 43 38 34
18 17 25 21 20 14 32 28 40 43 38 34 26 44 30 74 75 57 76 77
24 19 18 17 25 21 20 14 32 28 40 43 38 34 26 45 31 35 27 44
21 20 14 32 28 40 43 38 34 26 45 31 35 27 44 30 42 39 29 33
21 20 14 32 28 40 43 38 34 26 45 31 35 27 44 30 42 39 29 33
5 9 11 90 53 7 91 24 19 18 17 25 21 20 14 32 28 40 43 38
18 17 25 21 20 14 32 28 40 43 38 34 26 45 31 35 27 44 30 42
35 27 44 30 42 39 29 33 47 48 51 12 53 100 101 50 37 15 22 41
1 3 8 11 13 53 7 87 24 19 18 17 25 21 20 14 32 28 40 43
2 97 98 30 42 39 99 16 22 41 46 48 51 132 133 50 37 15 23 16
21 20 14 32 28 40 43 38 34 26 45 31 35 27 44 30 42 39 29 33
24 19 18 17 25 21 20 14 32 28 40 43 38 34 26 45 31 35 27 44
34 26 45 31 35 27 44 30 42 39 29 33 47 48 51 165 57 59 55 60
17 25 21 20 14 32 28 40 43 38 34 26 45 31 35 27 44 30 42 39
40 43 38 34 26 45 31 35 27 44 30 42 39 29 33 47 48 51 165 57
3 8 11 13 53 7 87 24 19 18 17 25 21 20 14 32 28 40 43 38
18 17 25 21 20 14 32 28 40 43 38 34 26 45 31 35 27 44 30 42
34 26 45 31 35 27 44 30 42 39 29 33 47 48 51 165 57 59 55 60
25 21 20 14 32 28 40 43 38 34 26 45 31 35 27 44 30 42 39 29
24 19 18 17 25 21 20 14 32 28 40 43 38 34 26 45 31 35 27 44
17 25 21 20 14 32 28 40 43 38 34 26 45 31 35 27 44 30 42 39
26 45 31 35 27 44 30 42 39 29 33 47 48 51 165 57 59 55 60 57
10 13 53 7 87 24 19 18 17 25 21 20 14 32 28 40 43 38 34 26
42 39 130 131 23 16 22 41 46 48 51 132 133 50 37 15 23 16 22 41
11 90 53 7 91 24 19 18 17 25 21 20 14 32 28 40 43 38 34 26
35 27 44 30 42 39 29 33 47 48 51 165 57 59 55 60 57 58 55 60
11 90 53 7 91 24 19 18 17 25 21 20 14 32 28 40 43 38 34 26
18 17 25 21 20 14 32 28 40 43 38 34 26 45 31 35 27 44 30 42
24 19 18 17 25 21 20 14 32 28 40 43 38 34 26 45 31 35 27 44
3 8 11 13 53 7 87 24 19 18 17 25 21 20 14 32 28 40 43 38
19 18 17 25 21 20 14 32 28 40 43 38 34 26 45 31 35 27 44 30
35 27 44 30 42 39 29 33 47 48 51 165 57 59 55 60 57 58 55 60
8 10 12 53 7 68 24 19 18 17 25 21 20 14 32 28 40 43 38 34
37 15 23 16 146 147 148 30 42 39 29 12 53 33 47 48 51 149 150 50
24 19 18 17 25 21 20 14 32 28 40 43 38 34 26 45 31 35 27 44
20 14 32 28 40 43 38 34 26 45 31 35 27 44 30 42 39 29 33 47
19 18 17 25 21 20 14 32 28 40 43 38 34 26 45 31 35 27 44 30
2 97 98 30 42 39 99 16 22 41 46 48 51 132 133 50 37 15 23 16
