241 152 346 241 147 1132 291 473 406 496 1264 529 561 307 293 284 293 254 196 160
158 104 379 158 77 379 86 158 112 379 92 158 115 693 120 121 615 320 379 688
105 452 88 238 105 856 452 92 238 115 678 619 658 695 767 333 271 274 128 139
235 152 366 235 147 273 293 284 293 255 222 460 347 412 434 401 1185 1237 412 428
510 506 500 914 505 515 506 500 510 531 536 523 536 551 550 540 1435 517 538 517
117 829 210 157 946 210 149 169 973 210 125 98 120 121 707 705 603 579 90 354
1243 502 501 501 1524 511 532 534 522 525 1172 527 522 525 557 560 557 552 557 552
103 109 90 452 72 238 61 28 49 238 118 452 238 111 452 238 76 452 86 238
53 38 22 9 6 1 19 46 70 645 624 684 660 633 42 14 17 307 344 293
526 521 557 514 1514 517 538 1009 1229 120 121 123 124 356 326 403 1021 765 1453 532
670 139 265 333 309 271 294 274 294 754 193 101 53 38 22 9 6 1 19 46
554 1393 530 1393 522 528 538 517 538 550 521 539 526 161 1343 120 121 146 108 90
689 643 321 72 237 61 28 50 237 104 321 237 77 321 86 237 113 321 91 237
381 402 399 1325 1050 386 337 311 1479 156 1191 337 311 465 959 1159 337 311 465 120
398 385 1423 435 398 315 1271 263 319 292 1284 270 1111 338 213 263 1445 317 1167 263
248 231 417 373 363 414 373 1394 428 392 456 386 311 323 298 311 189 1419 208 319
337 306 296 1055 1138 1250 357 1332 336 291 1207 220 120 121 103 109 90 281 72 234
493 493 835 421 1336 408 299 476 313 397 975 265 332 309 271 294 274 294 494 494
533 522 525 531 534 522 525 557 552 557 552 557 560 557 552 528 519 1514 555 528
759 293 1187 254 231 1379 347 1360 1405 372 364 428 445 364 380 289 969 285 268 316
56 96 24 12 7 4 1117 1123 456 480 363 1270 945 440 3 55 300 479 306 305
304 189 1210 319 1273 284 219 222 450 1097 454 372 428 412 411 1186 429 398 445 411
414 373 1394 428 392 456 386 311 323 298 311 189 1419 208 319 293 284 218 222 1379
358 315 296 349 339 338 357 287 405 311 1016 282 317 1509 323 870 1156 282 317 405
402 434 435 445 1205 1201 412 343 349 1126 263 337 655 322 1086 213 263 337 311 1102
1213 292 287 286 339 324 338 325 357 1296 304 1344 466 1038 342 1038 283 420 920 252
351 284 998 293 1131 254 252 160 243 490 490 220 250 900 464 347 327 1050 1248 435
518 538 556 493 493 835 421 1336 408 299 476 313 397 975 265 332 309 271 294 274
480 3 55 93 81 63 391 480 101 53 38 22 9 1247 1123 364 482 456 481 378
1154 1355 540 521 557 551 517 1486 1535 1514 1467 1366 542 1459 289 120 121 123 124 356
105 376 89 1292 425 318 408 457 478 318 408 182 1286 27 75 99 714 590 376 585
480 393 469 383 483 373 482 414 468 364 480 371 483 388 425 189 251 498 504 497
198 136 387 317 433 317 156 273 293 284 293 255 230 1542 361 160 243 1559 371 402
521 539 526 161 1343 120 121 146 108 90 913 72 228 61 28 50 228 104 815 228
292 1285 324 338 325 356 1362 341 408 311 479 342 409 283 425 341 404 323 478 342
408 264 477 882 325 277 420 341 408 406 408 264 479 487 487 1177 368 406 362 341
500 515 505 510 506 801 1418 523 530 218 1040 530 1553 526 551 551 517 538 517 538
28 50 166 104 267 166 77 267 86 166 113 267 91 166 294 715 175 267 166 629
71 78 46 70 64 56 96 24 12 7 4 1117 1123 456 480 363 1270 945 440 3
235 117 366 235 162 366 235 153 366 235 152 366 235 147 273 293 284 293 255 222
433 310 1078 543 1414 543 557 544 557 557 531 1355 531 522 528 562 517 1514 151 225
160 120 127 202 1087 900 383 363 1169 371 371 393 436 372 389 301 207 498 509 506
413 453 383 412 413 456 453 1536 367 301 1401 1490 342 298 301 335 318 283 300 336
371 445 407 383 186 160 1531 120 127 407 372 462 1378 1135 289 498 1192 507 500 515
195 180 995 820 135 1041 119 129 130 130 220 252 206 257 207 257 1225 160 224 120
241 153 346 241 152 346 241 147 1132 291 473 406 496 1264 529 561 307 293 284 293
121 69 106 90 324 324 424 72 199 61 28 49 199 117 325 325 424 199 731 424
281 72 234 61 28 49 234 117 281 234 162 281 757 234 1179 153 335 281 299 234
487 1177 368 406 362 341 362 264 447 487 487 1015 193 487 487 357 420 406 408 341
518 1561 555 1483 100 53 40 25 39 71 116 114 97 725 638 722 24 12 7 4
522 557 540 1547 558 528 562 1036 538 535 1331 1469 1516 161 225 120 121 146 108 90
135 1092 544 514 1467 557 531 540 514 541 526 999 207 1363 497 506 500 516 505 515
354 183 163 354 183 154 354 183 126 1045 354 183 111 74 84 67 750 139 333 271
376 88 182 105 376 89 1292 425 318 408 457 478 318 408 182 1286 27 75 99 714
536 544 521 557 1553 528 538 514 561 542 553 1246 543 161 225 120 121 146 108 90
357 1445 342 310 120 121 103 109 90 378 1445 365 72 215 61 28 50 215 104 1307
423 205 76 423 86 205 110 423 89 205 136 141 1054 293 284 293 248 151 244 1242
120 127 202 1087 900 383 363 1169 371 371 393 436 372 389 301 207 498 509 506 500
152 281 234 147 274 293 284 293 248 222 450 1097 454 463 160 243 429 398 435 363
274 759 293 1187 254 231 1379 347 1360 1405 372 364 428 445 364 380 289 969 285 268
300 323 298 300 323 1071 208 319 293 284 219 222 461 454 463 454 415 454 363 381
282 368 304 479 441 408 341 408 491 491 491 491 491 491 356 420 304 479 465 408
553 1246 543 161 225 120 121 146 108 90 964 294 72 216 61 28 49 216 117 613
140 257 450 468 347 327 371 459 393 471 372 480 383 480 414 464 436 483 445 480
200 115 94 85 66 273 128 908 293 284 248 230 1234 347 372 416 372 1534 415 445
475 268 324 120 121 123 124 322 476 1335 1362 1526 422 1012 225 860 100 53 40 25
454 392 1413 412 434 392 429 434 411 383 160 244 201 1227 335 1258 287 322 1142 649
429 398 445 411 396 349 287 120 121 103 109 90 289 1544 260 72 203 61 28 50
141 450 446 963 416 392 363 186 160 120 127 400 364 343 380 289 498 1485 506 500
511 505 504 218 1168 1457 1344 1240 511 1243 502 501 501 1524 511 532 534 522 525 1172
526 544 1004 557 528 1420 514 563 535 553 535 1144 120 121 123 124 356 403 288 496
141 450 371 462 1259 383 371 1104 160 120 127 1368 372 373 388 300 1300 300 1161 1507
479 6 1 19 46 70 64 56 87 44 42 13 16 1077 1168 367 425 301 479 291
400 445 343 395 1112 1093 303 339 316 301 304 189 1210 319 1273 284 219 222 450 1097
434 434 371 814 1400 435 435 456 334 335 1529 287 311 338 316 335 427 312 283 335
678 619 658 695 767 333 271 274 128 139 293 284 248 231 417 373 363 414 373 1394
338 662 357 335 1374 303 283 335 467 303 934 282 1390 1443 304 1223 790 144 316 317
120 121 103 109 90 281 72 234 61 28 49 234 117 281 234 162 281 757 234 1179
535 553 120 121 123 124 356 1500 403 830 1514 517 1556 542 543 535 1494 531 522 531
374 1557 342 339 374 268 356 290 1121 342 120 121 103 109 90 325 352 72 198 61
27 75 424 99 114 97 199 674 282 440 317 408 1454 475 1540 408 639 31 15 18
331 187 1381 152 1145 269 325 356 852 951 427 308 187 147 1150 165 277 427 307 293
281 234 162 281 757 234 1179 153 335 281 299 234 152 281 234 147 274 293 284 293
403 832 499 497 506 500 515 531 522 523 1274 557 557 557 557 528 1514 529 561 542
436 482 402 468 364 1270 445 483 396 432 969 305 278 295 219 1168 499 504 509 511
529 561 307 293 284 293 254 196 160 244 1003 381 453 363 413 399 381 400 371 845
306 296 374 1557 342 339 374 268 356 290 1121 342 120 121 103 109 90 325 352 72
519 1395 556 1428 546 543 549 542 547 1356 548 1249 324 120 121 123 124 1365 440 310
320 209 163 320 209 154 320 209 126 320 209 111 74 84 67 988 145 139 333 271
1366 548 517 518 538 556 517 519 1486 556 523 533 536 524 523 527 536 524 540 552
91 215 115 365 215 728 274 293 284 293 1549 230 450 360 454 371 413 412 453 455
300 1161 1507 1508 500 515 505 515 506 500 513 520 218 834 531 530 1501 558 1004 544
199 712 387 439 317 409 1419 479 1307 408 27 75 424 99 114 97 199 674 282 440
236 152 297 236 147 282 337 323 441 271 293 284 293 254 222 160 244 414 1287 435
120 121 146 108 90 970 72 142 61 28 49 142 117 838 142 157 617 201 253 142
380 289 969 285 268 316 288 1198 1196 202 319 293 284 219 222 461 412 363 381 413
434 390 336 290 1258 276 268 316 335 291 473 283 335 291 1402 120 121 103 109 90
396 349 287 120 121 103 109 90 289 1544 260 72 203 61 28 50 203 104 1251 260
541 547 543 549 542 546 543 549 288 476 120 121 123 124 356 439 310 477 1344 422
559 1324 518 1561 555 517 518 1561 555 1483 100 53 40 25 39 71 116 114 97 725
412 453 455 1220 160 225 384 398 456 334 1358 1272 311 1178 287 268 635 357 1375 323
503 557 528 562 528 562 542 543 542 543 120 121 123 124 356 433 433 151 1253 175
385 453 412 364 378 435 1127 276 306 278 319 270 1235 339 338 165 367 1068 290 427
552 528 519 1514 555 528 519 561 555 542 1354 543 549 1409 1168 1327 546 543 549 289
392 429 434 411 383 160 244 201 1227 335 1258 287 322 1142 649 356 335 467 301 283
319 345 293 351 284 998 218 256 230 250 43 616 1268 1124 618 70 64 56 101 53
998 998 254 1124 222 253 460 468 347 327 363 482 45 414 471 48 21 51 54 34
486 486 802 225 486 486 944 1106 277 368 341 362 326 1344 1425 369 794 546 1073 548
336 291 359 886 818 335 300 359 961 651 993 1219 271 274 885 554 1377 1520 915 1297
434 160 1541 370 334 314 285 966 349 1478 339 338 919 357 300 472 1329 156 277 291
160 1343 181 120 121 146 108 90 438 72 240 61 28 49 240 118 438 240 111 438
277 420 341 408 406 408 264 479 487 487 1177 368 406 362 341 362 264 447 487 487
463 481 415 468 411 444 453 444 456 483 401 469 434 448 411 444 1397 481 334 1296
515 219 922 160 120 127 184 900 371 372 414 392 372 413 383 456 380 300 1022 1222
531 536 523 536 551 550 540 1435 517 538 517 538 535 553 1377 1515 299 1195 1215 120
504 515 511 506 502 500 501 513 512 531 534 522 525 531 533 522 525 218 1168 288
540 1435 517 538 517 538 535 553 1377 1515 299 1195 1215 120 121 123 124 356 433 1454
251 1118 160 224 120 127 140 257 450 468 347 327 383 483 415 469 1433 480 383 481
543 549 557 559 557 1470 1487 545 539 559 1324 518 1561 555 517 518 1561 555 1483 100
28 49 204 117 279 204 162 279 204 153 217 217 279 299 479 262 262 204 152 1415
363 381 413 453 1352 434 390 336 290 1258 276 268 316 335 291 473 283 335 291 1402
89 182 136 283 337 341 290 764 1361 1008 293 284 293 1217 931 175 1427 361 347 434
445 480 390 1362 314 305 285 295 207 251 1208 504 497 511 506 502 500 501 516 511
533 522 525 557 560 218 257 1538 1344 1128 518 1561 555 528 519 1288 556 541 547 543
851 293 284 1279 230 1542 1202 364 429 371 343 401 463 343 388 306 1504 304 339 316
1078 543 1414 543 557 544 557 557 531 1355 531 522 528 562 517 1514 151 225 120 121
539 557 1553 557 531 1550 1546 522 902 1541 165 1090 120 121 146 108 90 979 72 239
479 290 477 1011 251 1053 1124 833 1091 293 1131 284 998 218 1168 231 1124 43 52 407
373 401 382 373 390 306 285 302 339 316 289 302 206 893 319 293 284 219 222 1517
151 1253 175 496 554 535 553 1036 563 528 563 551 551 544 544 523 536 523 536 120
305 285 295 207 251 1208 504 497 511 506 502 500 501 516 511 505 504 218 1168 1457
11 454 449 0 35 57 80 59 95 30 8 2 5 391 482 32 52 65 83 62
435 456 334 335 1529 287 311 338 316 335 427 312 283 335 1523 312 868 1031 298 335
108 90 979 72 239 61 28 50 239 104 817 239 77 909 86 239 113 636 91 239
137 132 122 171 186 180 130 194 175 206 207 141 450 348 363 393 197 160 120 127
346 241 76 1129 346 86 241 110 346 89 241 136 274 293 284 1383 254 231 1398 411
299 478 466 409 342 397 490 490 143 192 277 421 304 479 465 1038 1096 408 490 490
103 109 90 289 1544 260 72 203 61 28 50 203 104 1251 260 203 77 260 86 203
1206 250 319 344 293 350 284 329 219 256 965 252 1282 250 43 627 1193 468 612 628
207 206 141 461 371 445 407 383 186 160 1531 120 127 407 372 462 1378 1135 289 498
485 485 485 485 1027 1296 341 397 1457 479 1305 1038 484 484 875 265 1158 309 271 294
342 408 283 425 313 397 326 479 342 1038 120 121 69 106 90 793 72 148 61 28
408 466 409 312 479 283 1296 473 369 467 369 312 476 495 495 1051 1296 1431 397 1463
168 163 377 168 154 377 168 126 1005 518 1556 556 529 519 562 555 987 527 530 524
269 316 420 318 362 458 1344 426 369 156 1106 277 368 342 362 458 447 358 362 485
480 380 425 370 443 342 409 299 475 307 331 270 269 316 440 313 408 457 475 342
495 495 175 252 450 464 360 328 453 449 463 481 415 468 411 444 453 444 456 483
425 370 443 342 409 299 475 307 331 270 269 316 440 313 408 457 475 342 408 283
120 121 123 124 220 396 1500 457 151 225 496 537 981 522 539 544 544 544 517 538
325 316 421 1445 397 290 477 341 409 283 1296 441 409 289 479 342 369 493 493 1014
195 992 135 1092 544 514 1467 557 531 540 514 541 526 999 207 1363 497 506 500 516
88 164 105 143 1106 258 599 164 115 608 681 83 670 139 265 333 309 271 294 274
383 371 1104 160 120 127 1368 372 373 388 300 1300 300 1161 1507 1508 500 515 505 515
126 980 232 111 74 120 84 67 121 103 109 90 419 72 246 61 28 49 246 118
445 364 380 289 969 285 268 316 288 1198 1196 202 319 293 284 219 222 461 412 363
451 578 212 743 94 85 66 1026 755 526 1487 551 144 917 957 563 517 538 762 526
454 1536 395 306 296 374 1557 342 339 374 268 356 290 1121 342 120 121 103 109 90
130 130 220 252 206 257 207 257 1225 160 224 120 140 256 450 468 445 480 363 480
55 602 70 64 56 145 193 873 265 1107 309 271 294 274 294 1029 192 101 53 38
553 1036 563 528 563 551 551 544 544 523 536 523 536 120 121 146 108 90 355 72
1089 453 398 1446 372 435 435 428 446 398 120 121 103 109 90 412 367 419 72 246
289 447 262 262 1462 362 120 121 69 106 90 279 72 204 61 28 49 204 117 279
417 373 363 414 373 1394 428 392 456 386 311 323 298 311 189 1419 208 319 293 284
227 157 249 227 149 249 227 125 98 120 121 598 584 740 721 593 353 72 173 61
1270 402 471 924 482 436 482 402 468 364 1270 445 483 396 432 969 305 278 295 219
748 116 319 345 293 351 284 998 293 1131 254 252 160 243 490 490 220 250 900 464
120 121 103 109 90 346 72 241 61 28 49 241 117 346 241 162 346 241 153 346
309 156 193 1244 100 53 40 25 39 71 78 102 630 97 601 582 24 12 7 4
361 347 411 840 454 435 462 414 411 454 371 390 375 276 337 306 296 1055 1138 1250
482 456 481 378 439 303 479 323 479 6 1 19 46 70 64 56 87 44 42 13
337 319 338 269 213 263 337 291 811 263 337 291 120 121 103 109 90 653 72 232
378 302 1313 1348 914 1059 500 515 505 510 506 801 1418 523 530 218 1040 530 1553 526
385 470 412 444 456 480 380 425 370 443 342 409 299 475 307 331 270 269 316 440
1562 402 364 456 387 189 299 498 510 506 500 515 1035 508 506 500 515 523 536 523
53 41 20 10 1188 448 400 469 412 443 455 1270 1422 1248 255 252 385 470 412 444
90 376 72 182 61 28 50 182 104 376 182 77 376 86 182 107 376 88 182 105
525 531 533 522 525 557 560 218 257 1538 1344 1128 518 1561 555 528 519 1288 556 541
58 96 24 12 7 4 391 480 3 55 93 81 63 391 480 101 53 38 22 9
1445 408 288 479 318 408 493 493 878 518 538 556 517 518 538 556 493 493 835 421
468 364 480 371 483 388 425 189 251 498 504 497 511 506 502 500 501 515 511 505
163 430 174 154 430 174 126 430 174 111 569 86 68 1100 265 309 309 271 294 274
412 410 373 1270 412 410 385 1123 411 410 392 1270 1084 368 1527 410 318 369 299 1344
411 444 1397 481 334 1296 1476 408 375 292 991 286 312 475 201 252 1224 325 316 1296
219 322 499 510 1545 500 508 1455 508 1508 500 515 1551 522 531 537 539 551 218 1525
445 480 363 480 393 469 383 483 373 482 414 468 364 480 371 483 388 425 189 251
1257 1203 359 427 323 1064 805 229 359 1443 311 930 145 881 788 769 358 473 323 672
527 1384 525 1304 527 1448 525 503 559 1314 560 503 559 1254 545 1173 1106 181 252 120
1542 1491 372 400 364 364 414 185 160 120 127 391 445 201 1252 1391 499 510 506 500
509 506 500 515 505 1524 506 500 515 531 1312 531 522 218 1457 1085 1404 503 557 528
220 396 1500 457 151 225 496 537 981 522 539 544 544 544 517 538 517 538 542 1189
400 436 411 435 396 300 472 427 298 291 966 359 120 121 103 109 90 346 72 241
557 1330 557 557 542 543 542 543 1120 1350 120 121 146 108 90 637 72 210 61 28
241 118 346 1157 241 111 290 466 346 241 76 1129 346 86 241 110 346 89 241 136
1482 474 1464 292 286 286 405 404 445 480 1170 292 307 331 315 305 285 295 349 292
872 1257 1203 359 427 323 1064 805 229 359 1443 311 930 145 881 788 769 358 473 323
1270 387 440 314 305 285 295 312 479 339 324 6 1 19 46 70 64 56 87 44
501 516 512 1537 534 522 525 531 533 522 525 557 560 218 257 1538 1344 1128 518 1561
480 390 1362 314 305 285 295 207 251 1208 504 497 511 506 502 500 501 516 511 505
457 1137 801 508 1498 508 506 500 509 531 1355 532 1506 526 544 1004 557 528 1420 514
477 488 488 488 488 488 488 357 1296 406 404 341 409 264 478 179 265 1082 309 488
537 523 218 305 285 1166 539 1403 551 551 514 538 528 538 535 554 535 1459 300 952
202 247 319 345 293 350 284 330 219 257 222 252 43 52 65 83 62 101 1458 469
77 267 86 166 113 267 91 166 294 715 175 267 166 629 709 84 67 1030 145 675
236 153 297 236 152 297 236 147 282 337 323 441 271 293 284 293 254 222 160 244
501 501 1524 511 532 534 522 525 1172 527 522 525 557 560 557 552 557 552 557 552
268 862 302 323 1424 1043 266 248 333 319 1461 1301 792 1299 347 399 385 412 383 254
252 120 121 103 109 90 259 72 245 61 28 49 245 117 259 245 157 259 245 126
1335 1362 1526 422 1012 225 860 100 53 40 25 39 71 78 102 82 58 96 24 12
1523 312 763 1197 1528 467 312 850 650 1148 1147 472 311 904 1140 671 277 1338 1340 322
231 1532 360 412 463 402 412 434 1437 429 1218 411 383 389 1477 276 1558 289 338 316
25 39 71 78 102 630 97 601 582 24 12 7 4 3 55 93 727 698 976 545
289 498 1485 506 500 516 1455 1524 1545 500 509 1546 530 1239 1154 1355 540 521 557 551
890 1124 135 100 53 40 25 39 71 78 102 82 58 96 24 12 7 4 3 55
326 1143 270 325 316 472 311 335 283 1329 311 335 1020 165 869 283 1513 311 335 609
311 266 1155 872 1257 1203 359 427 323 1064 805 229 359 1443 311 930 145 881 788 769
552 1435 552 539 1470 557 560 156 192 151 225 120 121 146 108 90 431 72 150 61
56 87 44 42 13 16 1077 1168 367 425 301 479 291 1344 1206 250 319 344 293 350
274 293 284 293 1549 230 450 360 454 371 413 412 453 455 1220 160 225 384 398 456
557 526 528 218 305 285 1533 1518 563 542 553 1512 543 323 339 120 121 123 124 356
518 538 556 535 546 553 549 535 547 1189 549 339 324 120 121 123 124 895 425 310
413 399 381 400 371 845 1298 412 1136 383 1174 427 374 276 312 338 1116 1058 1548 312
76 452 86 238 112 984 452 92 238 115 94 85 66 1006 851 293 284 1279 230 1542
310 475 403 422 926 309 496 546 554 548 535 547 1366 548 517 518 538 556 517 519
1427 360 348 454 402 454 399 372 384 454 399 803 1388 334 292 287 358 315 296 349
376 72 182 61 29 47 182 73 376 86 182 107 376 88 182 105 376 89 182 611
59 941 468 95 30 8 2 5 1162 328 32 52 65 83 62 327 327 101 53 564
146 108 90 355 72 167 61 28 49 167 117 355 167 163 355 167 154 355 167 126
111 74 120 84 67 121 103 109 90 275 72 200 61 29 47 200 73 275 86 200
121 123 124 356 776 457 141 813 530 523 536 544 551 551 551 853 543 535 1459 517
1215 120 121 123 124 356 433 1454 156 160 225 496 553 535 553 517 538 517 538 523
86 246 110 181 419 89 246 136 213 263 337 291 849 243 1103 293 284 293 248 222
320 379 688 90 320 72 209 61 28 49 209 117 320 209 163 320 209 154 320 209
411 434 383 429 809 434 446 411 334 349 287 342 1552 338 316 467 318 458 283 472
526 517 1420 517 218 1039 1377 553 535 553 305 285 268 120 121 123 124 356 776 457
304 479 465 1038 1096 408 490 490 490 490 282 368 304 479 441 408 341 408 491 491
102 82 58 96 24 12 7 4 3 55 93 632 620 431 150 583 669 86 68 179
295 1442 408 1213 292 287 286 339 324 338 325 357 1296 304 1344 466 1038 342 1038 283
547 553 549 120 121 103 109 90 978 72 155 61 28 49 155 117 275 155 157 673
1044 333 271 274 128 839 874 526 521 558 128 496 1506 520 997 774 333 271 274 179
497 506 500 515 531 522 523 1274 557 557 557 557 528 1514 529 561 542 543 542 543
61 28 49 148 117 654 148 157 954 148 126 968 148 111 74 120 84 121 67 103
500 1308 403 832 499 497 506 500 515 531 522 523 1274 557 557 557 557 528 1514 529
506 502 500 501 516 511 499 504 515 512 506 502 500 501 511 512 531 533 522 525
412 1248 400 469 398 410 455 1270 387 1362 1080 1248 349 292 287 286 315 305 278 295
1366 548 517 518 538 556 517 519 1486 556 523 533 536 524 523 527 536 524 540 552
515 505 1524 506 500 515 531 1312 531 522 218 1457 1085 1404 503 557 528 562 528 562
434 383 429 809 434 446 411 334 349 287 342 1552 338 316 467 318 458 283 472 318
207 1168 1056 160 224 120 140 257 450 468 347 327 371 459 393 471 372 480 383 480
456 387 189 299 498 510 506 500 515 1035 508 506 500 515 523 536 523 536 551 539
372 402 392 371 402 364 392 380 314 278 323 339 316 291 311 184 208 319 293 284
121 123 124 356 403 288 496 1505 1311 1294 1354 1494 541 553 539 557 1553 557 531 1550
1345 556 1304 527 1384 525 1304 527 1448 525 503 559 1314 560 503 559 1254 545 1173 1106
437 92 190 115 94 85 66 128 139 333 271 274 898 293 284 255 231 340 1471 392
135 160 120 121 103 109 90 366 72 235 61 28 49 235 117 366 235 162 366 235
503 545 557 560 557 545 529 519 563 555 529 519 1514 555 1367 547 1510 549 1134 546
470 347 327 411 1248 453 1248 413 469 487 487 412 448 454 444 201 253 384 1123 399
93 81 63 1326 481 101 53 38 22 9 371 474 428 471 343 459 1378 432 1482 482
411 444 453 444 456 483 401 469 434 448 411 444 1397 481 334 1296 1476 408 375 292
507 502 500 501 497 511 504 504 515 511 506 502 500 501 513 512 531 534 522 525
121 103 109 90 297 72 236 61 28 49 236 117 297 236 162 297 236 153 297 236
1377 553 339 120 121 123 124 356 433 1364 982 1034 1452 532 522 557 540 1547 558 528
117 354 183 163 354 183 154 354 183 126 1045 354 183 111 74 84 67 750 139 333
477 488 488 488 488 488 488 357 1296 406 404 341 409 264 478 179 265 1082 309 488
536 539 539 557 1487 1057 120 121 146 108 90 259 72 245 61 28 49 245 117 259
120 121 123 124 356 433 433 151 1253 175 496 554 535 553 1036 563 528 563 551 551
225 860 100 53 40 25 39 71 78 102 82 58 96 24 12 7 4 3 55 93
1351 480 265 265 428 464 434 444 456 480 454 444 395 439 426 404 323 479 374 292
372 392 1446 392 373 378 312 219 322 499 510 1545 500 508 1455 508 1508 500 515 1551
90 438 72 240 61 28 49 240 118 438 240 111 438 240 76 438 86 240 112 1007
28 49 212 117 451 212 126 451 212 111 451 212 746 810 309 271 451 578 212 743
1465 223 180 180 195 180 135 223 119 129 130 130 214 252 206 251 207 1168 1056 160
139 293 284 255 181 221 165 384 348 372 402 392 371 402 364 392 380 314 278 323
56 96 24 12 7 4 1117 1123 456 480 363 1270 945 440 3 55 300 479 306 305
969 305 278 295 219 1168 499 504 509 511 507 502 500 501 497 511 504 504 515 511
126 887 276 419 246 111 324 419 246 76 1013 357 300 473 419 86 246 661 336 283
294 715 175 267 166 629 709 84 67 1030 145 675 293 284 254 230 1379 1089 463 415
485 485 201 250 450 1123 412 410 1489 459 399 410 402 1123 412 410 373 1270 412 410
140 340 347 371 416 392 372 402 445 456 388 301 206 499 218 1176 306 278 1283 1275
290 475 201 253 1479 397 338 325 316 421 1445 397 290 477 341 409 283 1296 441 409
528 538 981 1293 531 522 557 1330 557 557 542 543 542 543 1120 1350 120 121 146 108
353 173 126 842 353 173 111 74 84 67 145 139 1211 271 271 1317 284 266 416 373
61 28 49 183 117 354 183 163 354 183 154 354 183 126 1045 354 183 111 74 84
180 195 929 207 207 141 1481 347 185 160 120 127 371 414 364 445 413 364 371 380
532 534 522 525 1172 527 522 525 557 560 557 552 557 552 557 552 529 519 561 555
335 1374 303 283 335 467 303 934 282 1390 1443 304 1223 790 144 316 317 966 1149 923
196 955 554 535 1520 517 538 517 538 520 522 520 536 551 550 551 551 143 120 121
1152 160 120 127 140 1306 348 445 414 382 372 414 455 383 389 315 285 218 498 510
359 886 818 335 300 359 961 651 993 1219 271 274 885 554 1377 1520 915 1297 335 291
256 460 470 1202 327 383 1270 402 471 924 482 436 482 402 468 364 1270 445 483 396
114 97 591 730 708 24 12 7 4 3 55 93 81 63 1326 481 101 53 38 22
200 61 29 47 200 73 275 86 200 107 275 88 200 105 275 88 200 105 983 266
50 166 104 267 166 77 267 86 166 113 267 91 166 294 715 175 267 166 629 709
311 1479 156 1191 337 311 465 959 1159 337 311 465 120 121 103 109 90 297 72 236
241 76 1129 346 86 241 110 346 89 241 136 274 293 284 1383 254 231 1398 411 435
274 293 284 293 1549 230 450 360 454 371 413 412 453 455 1220 160 225 384 398 456
86 68 179 265 333 309 271 294 274 294 128 193 697 53 38 22 9 6 1 19
1549 230 450 360 454 371 413 412 453 455 1220 160 225 384 398 456 334 1358 1272 311
1269 294 274 294 143 192 489 489 489 489 376 182 742 182 642 489 489 985 225 489
230 1542 361 160 243 1559 371 402 434 435 445 1205 1201 412 343 349 1126 263 337 655
1190 298 336 291 359 283 336 291 359 886 818 335 300 359 961 651 993 1219 271 274
454 1536 395 306 296 374 1557 342 339 374 268 356 290 1121 342 120 121 103 109 90
636 91 239 115 663 120 121 103 733 729 589 723 437 72 190 61 28 49 190 118
84 67 121 103 109 90 451 72 212 61 28 49 212 117 451 212 126 451 212 111
28 50 239 104 817 239 77 909 86 239 113 636 91 239 115 663 120 121 103 733
172 111 442 172 76 442 86 172 110 442 89 172 136 283 1263 317 1357 271 293 1417
1538 1344 1128 518 1561 555 528 519 1288 556 541 547 543 549 542 546 543 549 288 476
180 195 929 207 207 141 1481 347 185 160 120 127 371 414 364 445 413 364 371 380
549 542 547 1356 548 1249 324 120 121 123 124 1365 440 310 475 403 422 926 309 496
271 1499 530 523 536 544 521 557 1553 528 538 514 561 542 553 1246 543 161 225 120
531 522 557 557 557 557 1382 1561 528 1514 542 543 542 543 268 120 121 123 124 220
175 214 1141 293 284 219 196 460 434 1303 435 414 454 371 1256 401 383 454 435 387
1257 1203 359 427 323 1064 805 229 359 1443 311 930 145 881 788 769 358 473 323 672
341 409 283 1296 441 409 289 479 342 369 493 493 1014 1296 1445 408 288 479 318 408
356 433 1500 156 496 1366 542 554 1393 530 1393 522 528 538 517 538 550 521 539 526
1233 160 120 127 140 340 347 371 416 392 372 402 445 456 388 301 206 499 218 1176
278 295 219 1168 499 504 509 511 507 502 500 501 497 511 504 504 515 511 506 502
1502 535 553 120 121 123 124 356 1500 403 830 1514 517 1556 542 543 535 1494 531 522
127 184 900 371 372 414 392 372 413 383 456 380 300 1022 1222 510 218 457 1137 801
531 1452 1496 1506 544 526 521 557 514 1514 517 538 1009 1229 120 121 123 124 356 326
399 372 384 454 399 803 1388 334 292 287 358 315 296 349 339 338 357 287 405 311
347 327 0 35 57 80 59 95 30 8 2 5 1421 1248 32 52 65 83 62 1387
155 157 673 155 126 916 155 111 74 120 84 67 121 103 109 90 377 72 168 61
100 53 40 25 39 71 116 114 97 725 638 722 24 12 7 4 3 55 93 745
194 221 207 207 141 450 371 462 1259 383 371 1104 160 120 127 1368 372 373 388 300
549 535 547 1189 549 339 324 120 121 123 124 895 425 310 1344 1526 422 151 225 1072
117 297 236 162 297 236 153 297 236 152 297 236 147 282 337 323 441 271 293 284
444 41 20 10 401 468 381 1248 372 1270 434 449 1046 468 434 448 455 480 389 439
1377 1520 120 121 146 108 90 249 72 227 61 28 49 227 117 249 227 157 249 227
428 383 343 400 445 343 395 1112 1093 303 339 316 301 304 189 1210 319 1273 284 219
89 182 136 283 337 341 290 764 1361 1008 293 284 293 1217 931 175 1427 361 347 434
506 500 515 1035 508 506 500 515 523 536 523 536 551 539 540 526 517 1420 517 218
1427 361 347 434 1122 429 398 363 411 414 411 383 381 334 1075 287 314 296 341 1032
890 1124 135 100 53 40 25 39 71 78 102 82 58 96 24 12 7 4 3 55
451 72 212 61 28 49 212 117 451 212 126 451 212 111 451 212 746 810 309 271
1170 292 307 331 315 305 285 295 349 292 1052 1214 1086 325 334 421 1094 286 406 408
641 72 242 61 28 49 242 117 826 242 157 947 169 242 126 974 242 111 74 201
88 164 105 143 1106 258 599 164 115 608 681 83 670 139 265 333 309 271 294 274
292 287 358 315 296 349 339 338 357 287 405 311 1016 282 317 1509 323 870 1156 282
540 526 517 1420 517 218 1039 1377 553 535 553 305 285 268 120 121 123 124 356 776
437 190 76 437 86 190 112 437 92 190 115 94 85 66 128 139 333 271 274 898
339 338 357 287 405 311 1016 282 317 1509 323 870 1156 282 317 405 323 659 822 334
285 268 316 288 1198 1196 202 319 293 284 219 222 461 412 363 381 413 453 383 412
117 430 174 163 430 174 154 430 174 126 430 174 111 569 86 68 1100 265 309 309
483 415 469 1433 480 383 481 413 470 455 474 392 480 386 432 315 305 285 295 206
206 1168 498 504 509 511 506 502 500 501 516 511 499 504 515 512 506 502 500 501
408 458 479 405 409 156 193 484 484 486 486 486 486 424 199 595 199 744 486 486
494 896 545 503 545 1194 545 503 545 891 1296 1439 397 326 475 494 494 342 1038 494
517 1337 1311 1505 541 554 542 1366 120 121 123 124 214 1252 1364 326 1067 333 271 1499
440 310 475 403 422 926 309 496 546 554 548 535 547 1366 548 517 518 538 556 517
706 724 1018 250 884 217 263 262 1454 1344 169 193 426 408 160 244 567 31 15 18
179 265 333 309 271 294 274 294 128 193 697 53 38 22 9 6 1 19 46 70
343 371 386 304 291 298 184 299 291 208 319 293 284 218 231 1532 360 412 463 402
141 460 383 383 415 1309 160 120 127 372 392 1446 392 373 378 312 219 322 499 510
121 146 108 90 913 72 228 61 28 50 228 104 815 228 77 948 86 228 113 646
372 373 386 314 278 219 499 497 507 1341 1386 1063 1346 510 507 500 515 531 522 531
543 549 557 559 557 1470 1487 545 539 559 1324 518 1561 555 517 518 1561 555 1483 100
121 103 109 90 418 72 176 61 28 49 176 117 418 176 162 418 176 153 418 176
438 92 240 115 94 85 66 1002 143 751 1403 557 558 789 333 271 274 866 1337 1311
118 442 172 111 442 172 76 442 86 172 110 442 89 172 136 283 1263 317 1357 271
540 1547 558 528 562 1036 538 535 1331 1469 1516 161 225 120 121 146 108 90 249 72
1494 531 522 531 522 540 550 1330 1330 160 225 120 121 146 108 90 641 72 242 61
399 1241 398 402 1389 454 1536 395 306 296 374 1557 342 339 374 268 356 290 1121 342
109 90 281 72 234 61 28 49 234 117 281 234 162 281 757 234 1179 153 335 281
156 496 1366 542 554 1393 530 1393 522 528 538 517 538 550 521 539 526 161 1343 120
120 121 103 109 90 297 72 236 61 28 49 236 117 297 236 162 297 236 153 297
324 6 1 19 1083 1362 46 70 64 56 87 44 42 13 16 301 479 219 257 312
527 1407 524 532 533 522 525 542 546 1520 548 541 547 543 549 557 559 557 1470 1487
164 61 29 47 164 73 258 86 164 107 258 88 164 105 258 88 164 105 143 1106
1446 392 373 378 312 219 322 499 510 1545 500 508 1455 508 1508 500 515 1551 522 531
118 438 240 111 438 240 76 438 86 240 112 1007 522 532 1560 438 92 240 115 94
278 319 270 1235 339 338 165 367 1068 290 427 283 1183 291 1230 120 121 103 109 90
687 667 100 53 36 23 11 347 327 0 35 57 80 59 95 30 8 2 5 1421
543 542 543 120 121 123 124 356 433 433 151 1253 175 496 554 535 553 1036 563 528
284 329 255 247 231 253 1532 464 373 480 45 382 481 48 21 1450 471 51 54 34
230 252 1349 469 1164 327 45 48 21 391 481 51 54 34 26 33 37 1276 471 71
1461 1301 792 1299 347 399 385 412 383 254 435 1406 385 411 1302 381 387 375 276 342
479 1307 408 27 75 424 99 114 97 199 674 282 440 317 408 1454 475 1540 408 639
557 503 1470 557 528 1408 529 562 290 1261 1460 542 1265 848 120 121 123 124 356 433
162 297 236 153 297 236 152 297 236 147 282 337 323 441 271 293 284 293 254 222
283 1296 473 369 467 369 312 476 495 495 1051 1296 1431 397 1463 1038 311 476 495 495
238 105 452 88 238 105 856 452 92 238 115 678 619 658 695 767 333 271 274 128
364 392 380 314 278 323 339 316 291 311 184 208 319 293 284 219 222 1447 361 411
375 292 991 286 312 475 201 252 1224 325 316 1296 427 408 466 409 312 479 283 1296
1296 441 409 289 479 342 369 493 493 1014 1296 1445 408 288 479 318 408 493 493 878
333 309 271 294 274 294 754 193 101 53 38 22 9 6 1 19 46 570 736 64
46 720 749 64 56 87 44 42 14 17 307 1091 293 1131 284 330 248 247 230 252
306 296 374 1557 342 339 374 268 356 290 1121 342 120 121 103 109 90 325 352 72
341 1038 403 422 405 1038 1099 252 485 485 485 485 1027 1296 341 397 1457 479 1305 1038
94 85 66 1002 143 751 1403 557 558 789 333 271 274 866 1337 1311 538 128 179 293
87 44 42 14 17 307 1091 293 1131 284 330 248 247 230 252 417 471 347 327 363
515 505 1524 506 500 515 531 1312 531 522 218 1457 1085 1404 503 557 528 562 528 562
13 16 1315 324 316 440 322 479 290 477 1011 251 1053 1124 833 1091 293 1131 284 998
1393 536 539 539 557 1487 1057 120 121 146 108 90 259 72 245 61 28 49 245 117
866 1337 1311 538 128 179 293 284 248 222 1379 1089 364 428 383 343 400 445 343 395
28 49 1432 187 117 367 308 292 276 187 162 1372 308 187 153 305 278 308 331 187
511 512 531 533 522 525 531 534 522 525 557 552 557 552 557 560 557 552 528 519
225 486 486 944 1106 277 368 341 362 326 1344 1425 369 794 546 1073 548 542 547 1451
74 120 84 67 121 103 109 90 419 72 246 61 28 49 246 118 419 246 111 419
120 127 373 1562 402 364 456 387 189 299 498 510 506 500 515 1035 508 506 500 515
383 373 401 382 373 390 306 285 302 339 316 289 302 206 893 319 293 284 219 222
166 61 28 50 166 104 267 166 77 267 86 166 113 267 91 166 294 715 175 267
272 86 188 112 272 92 188 115 94 85 66 871 128 266 333 271 274 759 293 1187
445 390 314 278 207 498 497 507 500 1308 403 832 499 497 506 500 515 531 522 523
16 301 479 219 257 312 477 1115 250 319 345 293 1131 284 329 218 257 230 252 43
263 337 291 120 121 103 109 90 653 72 232 61 28 49 232 117 831 232 157 956
542 1459 289 120 121 123 124 356 433 1500 156 496 1366 542 554 1393 530 1393 522 528
499 497 506 500 515 531 522 523 1274 557 557 557 557 528 1514 529 561 542 543 542
160 1531 120 127 1042 388 315 285 1088 510 1059 500 914 505 515 506 218 1321 1076 515
271 1499 530 523 536 544 521 557 1553 528 538 514 561 542 553 1246 543 161 225 120
156 193 484 484 486 486 486 486 424 199 595 199 744 486 486 802 225 486 486 944
136 141 1054 293 284 293 248 151 244 1242 461 412 383 412 888 1212 454 462 435 402
11 0 35 57 80 59 941 468 95 30 8 2 5 1162 328 32 52 65 83 62
181 120 121 146 108 90 438 72 240 61 28 49 240 118 438 240 111 438 240 76
1105 399 1316 384 454 399 392 412 400 454 392 375 1353 263 337 319 338 269 213 263
406 404 341 409 264 478 179 265 1082 309 488 488 1269 294 274 294 143 192 489 489
67 103 109 90 430 72 174 61 28 49 174 117 430 174 163 430 174 154 430 174
16 386 432 303 479 206 256 291 479 202 253 319 345 293 351 284 998 218 256 230
1038 403 422 405 1038 1099 252 485 485 485 485 1027 1296 341 397 1457 479 1305 1038 484
551 550 551 551 143 120 121 146 108 90 690 72 211 61 28 49 211 117 825 211
225 486 486 944 1106 277 368 341 362 326 1344 1425 369 794 546 1073 548 542 547 1451
337 311 465 959 1159 337 311 465 120 121 103 109 90 297 72 236 61 28 49 236
1168 1327 546 543 549 289 475 268 324 120 121 123 124 322 476 1335 1362 1526 422 1012
1344 1526 422 151 225 1072 309 496 527 1407 524 532 533 522 525 542 546 1520 548 541
111 442 172 76 442 86 172 110 442 89 172 136 283 1263 317 1357 271 293 1417 293
425 301 479 291 1344 1206 250 319 344 293 350 284 329 219 256 965 252 1282 250 43
111 290 466 346 241 76 1129 346 86 241 110 346 89 241 136 274 293 284 1383 254
175 247 120 121 103 109 90 258 72 164 61 29 47 164 73 258 86 164 107 258
695 767 333 271 274 128 139 293 284 248 231 417 373 363 414 373 1394 428 392 456
518 538 556 517 518 538 556 493 493 835 421 1336 408 299 476 313 397 975 265 332
141 1054 293 284 293 248 151 244 1242 461 412 383 412 888 1212 454 462 435 402 453
55 93 81 63 101 53 38 22 9 400 468 455 480 373 1270 387 440 314 305 285
160 225 384 398 456 334 1358 1272 311 1178 287 268 635 357 1375 323 359 773 356 359
347 1437 393 392 1444 400 373 392 378 302 315 285 268 862 302 323 1424 1043 266 248
814 1400 435 435 456 334 335 1529 287 311 338 316 335 427 312 283 335 1523 312 868
193 1244 100 53 40 25 39 71 78 102 630 97 601 582 24 12 7 4 3 55
1014 1296 1445 408 288 479 318 408 493 493 878 518 538 556 517 518 538 556 493 493
187 1381 152 1145 269 325 356 852 951 427 308 187 147 1150 165 277 427 307 293 284
487 357 420 406 408 341 408 264 477 488 488 488 488 488 488 357 1296 406 404 341
528 562 528 562 542 543 542 543 120 121 123 124 356 433 433 151 1253 175 496 554
119 586 214 207 206 1108 160 120 127 202 1087 900 383 363 1169 371 371 393 436 372
6 1 19 46 70 645 624 684 660 633 42 14 17 307 344 293 1131 284 329 255
84 121 67 103 109 90 376 72 182 61 29 47 182 73 376 86 182 107 169 192
119 586 214 207 206 1108 160 120 127 202 1087 900 383 363 1169 371 371 393 436 372
139 333 271 274 898 293 284 255 231 340 1471 392 414 383 373 401 382 373 390 306
502 500 501 511 512 531 533 522 525 531 534 522 525 557 552 557 552 557 560 557
393 436 372 389 301 207 498 509 506 500 515 505 1524 506 500 515 531 1312 531 522
28 49 241 117 346 241 162 346 241 153 346 241 152 346 241 147 1132 291 473 406
120 121 598 584 740 721 593 353 72 173 61 28 49 173 117 353 173 163 353 173
392 412 400 454 392 375 1353 263 337 319 338 269 213 263 337 291 811 263 337 291
279 299 479 262 262 204 152 1415 408 279 204 606 27 75 99 706 724 1018 250 884
543 549 557 559 557 1470 1487 545 539 559 1324 518 1561 555 517 518 1561 555 1483 100
45 48 21 391 481 51 54 34 26 33 37 1276 471 71 116 114 97 591 730 708
557 559 557 1470 1487 545 539 559 1324 518 1561 555 517 518 1561 555 1483 100 53 40
517 518 1561 555 1483 100 53 40 25 39 71 116 114 97 725 638 722 24 12 7
412 463 402 412 434 1437 429 1218 411 383 389 1477 276 1558 289 338 316 336 406 288
195 180 135 223 119 129 130 130 214 252 206 251 207 1168 1056 160 224 120 140 257
53 41 20 10 1468 448 445 480 429 469 398 443 454 1248 1351 480 265 265 428 464
741 572 64 56 87 44 42 14 17 307 345 293 351 284 330 254 250 230 250 417
1243 502 501 501 1524 511 532 534 522 525 1172 527 522 525 557 560 557 552 557 552
553 1512 543 323 339 120 121 123 124 356 433 458 939 554 853 543 1535 1554 529 1337
146 108 90 355 72 167 61 28 49 167 117 355 167 163 355 167 154 355 167 126
312 479 283 1296 473 369 467 369 312 476 495 495 1051 1296 1431 397 1463 1038 311 476
940 326 1143 270 325 316 472 311 335 283 1329 311 335 1020 165 869 283 1513 311 335
53 36 23 11 0 35 57 80 59 95 30 8 2 5 1411 468 1097 328 32 52
446 428 381 456 160 244 1371 385 434 924 434 248 1061 375 287 312 466 338 936 357
93 632 620 431 150 583 669 86 68 179 265 333 309 271 294 274 294 128 193 697
1218 411 383 389 1477 276 1558 289 338 316 336 406 288 283 336 897 288 135 160 120
351 284 330 254 250 230 250 417 464 371 474 383 480 45 48 21 51 54 34 26
184 208 319 293 284 219 222 1447 361 411 363 415 435 363 381 413 453 1352 434 390
525 557 560 557 552 557 552 557 552 529 519 561 555 528 519 1395 556 1428 546 543
516 505 515 506 500 515 219 922 160 120 127 184 900 371 372 414 392 372 413 383
599 164 115 608 681 83 670 139 265 333 309 271 294 274 294 754 193 101 53 38
387 1362 1080 1248 349 292 287 286 315 305 278 295 342 408 374 292 1285 324 338 325
469 1186 481 382 480 1175 439 301 477 291 479 6 1 19 46 70 64 56 87 44
226 107 394 88 226 105 394 703 226 115 94 85 66 145 766 1044 333 271 274 128
994 1267 207 206 141 461 371 445 407 383 186 160 1531 120 127 407 372 462 1378 1135
291 426 466 828 229 289 427 966 816 1334 332 921 1001 274 819 229 289 426 473 664
464 382 1270 463 1270 393 469 392 481 363 481 407 468 364 480 371 480 387 432 1231
1369 1523 312 763 1197 1528 467 312 850 650 1148 1147 472 311 904 1140 671 277 1338 1340
532 533 522 525 542 546 1520 548 541 547 543 549 557 559 557 1470 1487 545 539 559
322 477 465 409 273 294 220 252 395 425 427 409 301 479 473 408 120 121 69 106
120 127 1042 388 315 285 1088 510 1059 500 914 505 515 506 218 1321 1076 515 520 537
421 1336 408 299 476 313 397 975 265 332 309 271 294 274 294 494 494 143 193 494
1460 542 1265 848 120 121 123 124 356 433 433 823 1066 538 528 538 981 1293 531 522
1289 480 102 82 58 96 24 12 7 4 3 55 93 81 63 101 53 38 22 9
542 547 1356 548 1249 324 120 121 123 124 1365 440 310 475 403 422 926 309 496 546
300 337 359 169 960 291 1410 358 120 121 103 109 90 346 72 241 61 28 49 241
117 259 245 157 259 245 126 259 245 111 74 120 84 121 67 103 109 90 430 72
293 284 254 230 1555 371 383 416 1380 343 402 343 371 386 304 291 298 184 299 291
341 404 323 478 342 409 120 121 69 106 90 376 72 182 61 29 47 182 73 376
538 517 538 520 522 520 536 551 550 551 551 143 120 121 146 108 90 690 72 211
333 271 274 139 293 284 255 181 221 165 384 348 372 402 392 371 402 364 392 380
299 234 152 281 234 147 274 293 284 293 248 222 450 1097 454 463 160 243 429 398
479 262 262 204 152 1415 408 279 204 606 27 75 99 706 724 1018 250 884 217 263
607 84 67 145 867 775 139 293 284 248 222 1456 347 1437 393 392 1444 400 373 392
363 381 413 453 1352 434 390 336 290 1258 276 268 316 335 291 473 283 335 291 1402
288 496 1505 1311 1294 1354 1494 541 553 539 557 1553 557 531 1550 1546 522 902 1541 165
135 119 131 214 207 207 949 160 120 127 140 417 347 363 1169 456 371 414 373 392
259 245 157 259 245 126 259 245 111 74 120 84 121 67 103 109 90 430 72 174
385 470 412 410 217 217 289 447 331 331 341 362 309 309 213 217 289 447 262 262