2966 4682 3540 99 3530 378 2140 3740 913 3954 3730 3231 1151 568 2207 4051 3729 503 2942 4127
3918 2728 1647 2249 4538 4253 3091 781 3387 1815 3075 2525 1815 4289 3956 4720 1501 4110 2026 4056
3981 4538 1312 1956 4041 2554 2149 3829 2761 503 4103 1107 3938 228 1814 2281 135 2265 2707 285
3918 2728 1647 2249 4538 4253 3091 781 3387 1815 969 1815 2292 4420 632 183 2558 2588 1190 4081
3918 2728 1647 2249 4538 4253 3091 781 3387 1815 969 1815 2292 4420 3521 4184 4289 914 1914 1688
3000 968 135 4586 570 2278 4350 2068 2205 3730 3831 4000 2402 4581 508 4265 2762 3928 1858 3874
3817 3961 3067 3730 3666 1888 3230 1199 2527 3731 4855 4714 313 1362 3887 3549 3889 304 4637 2010
3918 2728 1647 2249 4538 4253 3091 781 3387 1815 969 1815 2292 4420 4623 867 2263 409 963 417
4068 3540 669 111 147 3887 3277 3201 2631 4152 3675 2128 4855 4128 252 4000 1765 2843 4840 1154
163 2627 1099 616 1750 1994 1419 3666 4538 3887 4392 4246 3389 506 3171 3494 1664 4832 293 4318
3532 1309 2286 2727 2136 3887 1261 1237 3981 4323 1987 875 719 1244 2170 835 3163 3948 1361 2599
3918 2728 1647 2249 4538 4253 3091 781 3387 1815 969 1815 3387 1692 26 2212 3636 252 1184 963
3918 2728 1647 2249 4538 4253 3091 781 3387 1815 969 1815 3099 2568 1522 1381 4544 3118 96 4577
3981 2058 1837 1592 2260 4261 2381 1462 1155 1758 3661 3874 727 586 2858 342 4014 901 798 1063
3721 4363 1209 2563 3926 2166 4420 2834 331 1360 3070 96 646 517 2760 3786 506 4954 2729 725
3721 4363 1946 3866 1870 695 3502 3393 48 4000 2451 3494 4036 4544 1642 1222 677 4954 799 1920
3918 2728 1647 2249 4538 4253 3091 781 3387 1815 969 1815 4028 4711 2568 4538 1146 1522 1096 1461
1059 4099 1605 3866 2317 2325 3979 1493 523 4166 3604 4865 3134 731 840 3285 4136 1837 48 233
2136 1290 1025 3697 4969 3891 4227 417 2013 1598 1575 1800 2791 3471 2762 2056 2 2263 2226 3236
2146 3682 4607 4758 4992 3607 1784 1222 1622 3757 491 3714 492 2179 4929 4342 3786 1130 3556 578
163 3079 1946 1431 1870 2312 3714 285 3514 4942 4477 642 752 728 1073 3786 1468 2436 3395 1834
4293 1828 2985 642 2278 4855 4128 276 3617 3164 3211 4000 2728 293 4908 1419 4362 3889 2423 1989
4293 1828 2985 2939 3156 4338 1210 506 4607 3874 4257 503 2992 3891 336 4954 4538 1795 3216 1812
973 480 40 1946 4243 3528 3309 3099 2834 2279 1823 48 4900 3864 2226 1413 1190 3120 1260 2557
449 1678 2284 2265 1165 1629 4844 2729 3171 2939 2223 3870 256 2576 3730 4664 4518 2465 3494 220
449 1678 2284 2265 4007 3099 2834 506 385 4538 2436 1085 4350 586 2583 2300 4869 41 2132 1522
449 3554 624 3514 631 866 2108 787 3918 1979 2480 3942 2182 1260 2424 4763 1873 3094 1101 4994
730 716 434 687 998 998 1011 3146 1945 314 40 720 1117 4954 1664 752 2416 2414 3786 3572
3981 1040 3643 1272 3215 284 4711 3169 2809 1252 731 4286 2715 396 4538 3571 4264 1146 2013 3132
3607 1006 1914 1706 4902 3765 3714 3829 3389 2478 130 1758 4637 4152 2436 4550 4195 4225 313 1812
1215 3984 1063 798 867 2149 731 4519 491 2639 2867 245 4320 599 3984 1664 2915 4637 3940 3284
1152 4992 137 99 3351 2091 789 3512 418 4477 578 729 4539 586 2535 3550 4103 4328 378 2610
3918 2728 775 2 1226 3831 2505 278 1707 3444 4163 2211 1548 4897 2541 1914 2811 1437 1209 3918
449 3089 3607 4987 3540 4695 4227 3540 4553 1416 480 4981 2444 4485 2423 4637 696 4637 3057 4896
163 4000 3730 1914 3686 2184 4554 2249 4538 4253 3091 781 3387 1815 969 1815 3928 128 3729 653
2286 3695 4763 1059 4099 2478 4028 719 15 3852 285 4903 687 4674 780 3075 1091 4207 4197 548
3918 2728 1647 3523 2729 3120 3540 687 4930 245 4664 92 2631 3507 135 1977 2278 3324 1664 3099
3866 404 252 4667 715 1650 4664 4561 734 164 2068 4426 2468 775 799 3643 3550 491 216 1354
3918 2728 1647 2249 4538 4253 3091 781 3387 1815 969 1815 2292 4420 1209 2984 4538 183 2884 769
4626 1688 4462 3430 720 3303 840 2000 4930 4554 2289 2220 1787 3285 2286 2728 1091 2777 3618 441
1152 3469 3286 4071 819 2238 1888 3285 720 4489 1758 4637 3234 4215 2450 719 1058 3874 3835 3502
3918 2728 1647 2249 4538 4253 3091 781 3387 1815 969 1815 2292 4420 1339 354 1688 1146 1678 3974
374 3318 4343 3996 2478 3928 3079 1946 1474 552 3531 2278 3866 1730 3984 2253 3974 2211 4424 4524
2457 2943 4039 2205 3730 4332 4039 1101 3540 1289 646 2915 3540 1289 646 2911 2416 4215 4748 4362
3981 2821 3891 1854 548 2983 795 795 1648 354 969 2374 1336 3303 3835 3829 3494 210 688 3705
730 4347 2728 1088 2705 2196 2126 4197 4342 3739 2872 1728 3271 1049 1784 1481 3874 3494 4292 356
3866 404 4128 4855 4689 4103 983 548 3572 2472 4577 3067 4545 315 4101 4720 3672 3389 305 3285
163 2146 3303 4626 313 3874 1758 1073 661 4666 299 130 646 2408 210 4855 2469 491 646 2375
3918 2728 1647 2249 4538 4253 3091 781 3387 1815 969 1815 3729 4767 3460 3575 3607 4197 417 1664
3918 2728 1647 2249 4538 4253 3091 781 3387 1815 969 1815 2292 4420 594 2851 1040 4988 1339 719
2136 3924 4519 491 725 4664 1934 3926 586 3020 4930 245 4602 4727 3887 2128 2729 3004 1858 3869
99 3067 3303 840 2760 719 344 3705 3285 566 3268 825 719 154 4127 682 3629 2737 696 2150
4330 3406 3666 4538 2711 719 609 1664 4869 4485 1887 518 4342 4809 1468 1862 4571 1475 3691 1334
3981 1040 719 4572 2941 2920 3874 4019 4108 2811 3550 3550 775 90 27 503 1619 1215 3502 214
1989 254 2281 3377 378 4855 775 4855 4489 26 4051 4039 245 356 1199 2527 2942 752 3285 566
3918 2728 1647 2249 4538 4253 3091 781 3387 1815 969 1815 2729 969 1179 2693 1079 1922 1671 331
2537 719 4744 3887 410 1597 209 2173 1862 752 677 1415 3499 27 3714 999 2760 3523 3685 3447
3699 2873 3155 3134 4763 646 2468 2191 2191 719 4014 1184 4000 4373 999 1182 4243 3763 3607 4544
99 3067 3575 135 578 4913 4197 867 1097 314 4581 4577 2032 517 1403 1888 3850 4464 646 2639
2150 2610 3514 1888 3230 3389 3540 4485 1508 1144 1152 4279 2657 1163 4163 2084 2711 176 245 198
3918 2728 1647 2249 4538 4253 3091 781 3387 1815 969 3920 314 2414 2926 2005 2791 2008 3695 2141
4175 4682 3161 315 3823 1036 3119 2599 835 36 1088 4713 3224 4666 1522 719 728 3733 3099 2435
1272 2237 3694 3887 2335 4538 1997 2015 2729 609 2068 4727 3869 4973 25 677 2760 3490 1507 2136
3200 3798 4363 2213 1956 2416 1448 1462 1267 3169 1481 4607 2158 3070 96 646 4054 4973 923 2084
2649 687 1290 2139 1474 4000 506 841 1545 827 1190 2010 1180 3981 3234 1278 3631 4744 4744 1798
3918 2728 1647 2249 4538 4253 3091 781 3387 1815 969 1815 2292 4420 4623 2409 1523 4788 503 1619
838 4754 1365 96 4577 1646 798 555 1085 4571 1787 3285 3554 1593 4538 4271 17 599 1581 1946
3918 2728 1647 2249 4538 4253 3091 781 3387 1815 969 1815 4101 2568 1403 4080 2317 2118 4820 2051
3918 2728 1647 2249 4538 4253 3091 781 3387 1815 969 1815 2292 4420 632 183 1856 1339 2802 1787
3918 2728 1647 2249 4538 4253 3785 613 2693 2211 1191 3829 969 3540 641 2884 2220 2537 2575 4127
2528 2292 931 2970 4373 2368 1290 1025 3697 4855 1977 1812 1162 2911 1416 3572 1757 3201 3072 1887
3502 4158 1664 4900 3158 1290 4855 4538 3721 2631 3303 3344 3285 3984 506 3649 761 646 3395 3094
449 4361 1181 2672 1664 4942 360 3249 2915 4101 276 3643 795 3540 371 4464 2877 4049 4302 731
4752 2851 3984 2402 2517 3887 2128 2729 4000 4954 372 825 3285 4243 3528 856 4054 2940 2899 2071
3040 3007 3918 1101 4526 4727 82 3984 2274 3984 551 2711 210 1973 4115 3685 1154 3961 3887 3389
3918 2728 1647 2249 4538 4253 3091 781 3387 1815 3075 2764 1914 2811 3918 285 1620 1814 3870 256
2657 376 734 164 4127 3930 4988 3134 15 15 3315 446 1598 1619 4823 2701 3395 896 285 1620
4342 2563 4000 1758 1907 3363 3090 2897 3874 4000 3681 3852 2057 3173 3874 3829 3054 1977 1812 4181
3918 2728 1647 2249 4538 4253 3091 781 3387 1815 1238 1124 1339 4241 1416 1193 4041 1092 396 4538
1382 617 3285 2921 825 3285 2234 1040 2223 506 1125 2436 3169 2457 1482 3158 4550 3835 499 3417
163 552 3832 1702 998 3216 3852 314 2213 3362 1275 380 1438 43 4616 4763 804 4973 2236 1858
3918 2728 1647 2249 4538 4253 3091 781 3387 1815 969 1815 4028 2985 4518 1199 2372 2811 4810 9
3616 618 835 121 2846 3786 480 2081 4127 1306 3014 2701 2960 3666 3285 2705 1629 4511 409 1750
1143 3540 4518 2504 3981 4538 2873 3155 3134 2729 2588 1121 4909 795 2436 3887 2128 2292 4511 4900
449 4361 506 586 2789 3224 4855 4373 2489 1721 1339 3285 4103 4411 119 4855 3926 1474 3666 4308
563 728 2711 4581 1528 3161 3161 3161 233 4014 3395 379 1664 1645 2084 635 4246 4869 2436 51
4626 1688 4462 1721 799 3721 715 3471 2472 1169 4528 3512 323 4477 3540 48 2148 1577 3388 1981
3607 1597 4767 3379 973 3540 4528 1560 1252 731 107 201 3848 356 1522 4973 391 3984 1664 135
163 120 646 1838 4855 313 2911 3540 2640 835 4485 1057 2212 3874 1989 254 2535 1933 2286 2728
3502 2226 3550 670 4554 2760 4858 4349 3829 3494 4577 1545 4870 247 2381 1117 798 3285 1641 3786
3866 1230 1855 4071 1386 3890 1972 4243 3315 3835 2279 1823 4421 165 2084 3303 4647 1416 441 4954
3981 1814 4763 1522 2249 4538 4253 3091 781 3387 1815 969 1815 1060 2292 867 1376 2265 3831 304
4175 3390 3540 315 1177 336 795 245 3556 450 2128 2737 1688 2211 2502 3786 1468 2146 313 826
1101 3540 687 1550 1683 3540 99 3763 1154 4947 3550 164 3514 4039 3349 1671 1814 491 386 4538
3918 2728 1647 2249 4538 4253 3091 781 3387 1815 969 107 2166 1043 1838 2926 2005 522 4218 3949
163 752 4511 1597 683 2775 1290 379 372 2666 3285 3984 506 3649 1989 3550 285 3429 2123 3540
3532 4175 3390 99 3351 2091 789 3512 578 719 2941 1529 4865 378 4323 1814 364 1522 1015 1105
3416 3514 2467 3887 2128 4990 2821 3851 1664 3763 1522 2922 1111 3572 3508 3415 1888 3370 1085 3315
3918 2728 1647 2249 4538 4253 3091 781 3387 1815 969 1815 1060 3075 4852 1792 2127 4081 724 4640
1413 3540 2408 1072 4674 4051 3891 2920 2728 1460 578 1566 4078 1158 2378 4656 9 1989 4158 2711
333 3278 4231 3981 3234 2773 4515 2148 4680 1290 2511 3714 2760 3786 506 3171 1920 2761 3069 3171
3286 3416 3763 2770 2855 1864 798 2313 2416 1448 1949 1664 4849 4972 4855 4128 4000 4707 4210 4869
4858 3231 2657 1197 4054 245 3948 2436 1598 1619 285 3550 2728 4577 752 1980 1834 1814 825 4855
449 1814 1529 4246 882 4477 838 2 3129 1623 3984 720 3303 840 3425 4455 1125 2600 1419 4959
99 3982 4738 3874 4103 1107 518 1973 4115 15 4876 3961 175 41 1664 3161 4954 48 4900 256
838 4754 1365 96 4577 1646 2292 261 1785 480 4279 2713 3554 313 1272 2705 747 1994 4781 1664
730 642 3158 1290 3099 658 4893 3607 1022 4342 3070 96 646 1035 3075 4207 4930 3572 3514 3514
1989 254 2281 3377 378 2707 164 1973 4942 1973 3912 4809 2485 3507 1946 4865 48 4626 216 2945
449 2836 2 503 2652 1290 2563 1107 2644 550 169 3606 3120 4152 2246 3789 4763 4554 3070 96
3981 1040 3564 194 40 730 712 1301 650 3231 1169 4637 3940 1868 3617 417 3940 4518 3277 1664
2148 4682 4554 3711 3135 4207 728 176 2436 1085 1598 245 4602 3683 1864 3169 4099 1827 2370 3731
1666 3643 4000 4000 3543 1946 2911 3540 1289 646 2133 1091 765 3462 4988 4664 2563 2436 1085 4780
2146 3330 3285 2263 3166 518 4769 559 3089 4065 2372 4725 1758 417 1533 614 4586 4061 1728 3618
1989 861 3216 3004 795 1286 2729 3560 3083 334 1814 2769 3435 4942 1965 1870 2880 3075 4763 488
3918 2728 1647 2249 4538 4253 3091 781 3387 1815 3075 1360 1057 394 3034 2005 1318 3887 2128 331
4680 2557 4000 2451 4016 4431 1605 3634 1752 4127 2465 3984 527 3150 2713 1785 504 2525 1117 3550
449 2836 2729 3171 2610 1989 4158 684 3811 2068 4674 2402 3151 670 1581 4908 1897 1368 135 4892
3918 2728 1529 3572 527 4804 926 2684 3430 2729 668 4227 3540 2359 4103 4163 621 2626 1888 2189
4680 2557 2227 86 2179 315 3204 4804 1504 1946 3017 4930 4451 2845 4450 710 4865 1664 3150 1715
3416 2894 306 96 3414 417 1664 3310 1664 1043 3550 3550 3550 24 506 4942 4942 299 76 4637
3918 2728 1647 2249 4538 4253 3091 781 3387 1815 969 1815 1060 4785 1049 867 1787 4128 2058 503
3416 3469 4453 4666 41 1522 4618 1295 4957 2722 503 2652 3575 3256 3256 2676 1792 4471 3303 840
245 446 3692 2222 2410 2191 1167 4271 4637 1162 4637 2942 378 3887 780 2278 4000 2066 795 2436
3918 2728 1647 2249 4538 4253 3091 781 3387 1815 969 1815 3099 2499 3729 1040 2108 1720 855 1603
4626 1688 4623 2867 2728 3948 731 4000 278 3706 1688 161 1765 3091 2693 1569 3695 586 2789 3874
361 81 2223 1290 1025 4345 3831 2875 1376 3730 90 2842 1752 4158 4267 1795 3134 677 3099 2834
3524 245 661 2013 3521 4908 1193 2809 4942 3739 3007 4062 1752 3132 3279 1439 2728 752 3285 2136
137 1784 4903 1049 3230 1199 2657 523 4363 4900 4900 1870 672 3087 3090 1339 719 3887 2128 2729
3532 163 2627 3514 385 1548 306 3507 3540 3556 3132 2729 133 3406 2711 1989 781 715 3874 24
3918 2728 1647 2249 4538 4253 3091 781 2452 3387 962 2627 2518 4082 4447 559 245 4869 4538 3324
3438 2046 2073 2218 4248 3863 2005 4548 2278 758 4538 3334 3870 3666 1837 2408 4855 2631 1780 4852
3721 4363 449 4824 939 4582 2341 3763 1858 1977 1088 819 1537 1144 4369 4479 1105 1870 3057 3194
838 1323 3523 764 40 449 2680 2713 1784 3429 3550 3540 1289 646 4942 4985 1827 321 4538 4163
4293 1828 2985 3825 2278 480 998 314 41 1708 3303 4852 4900 3666 3926 492 2843 210 629 4538
163 4215 1474 2005 4548 1493 523 4166 3604 4865 3134 731 840 3285 2000 3169 404 3786 1522 4476
3866 404 4128 4855 3926 646 3897 646 1838 4350 173 4817 480 4607 661 3572 4758 3514 3180 278
3075 1091 4207 4695 293 3572 2402 3026 3604 4947 2451 4769 1176 1645 4626 2766 1994 4781 909 3303
4452 84 999 775 4161 2821 1167 2528 2729 4197 4311 1416 1105 1870 3057 3194 2631 3872 3395 730
4477 480 3469 796 1092 3722 1755 3887 3189 3306 2054 4900 2541 356 867 2263 1287 1531 1985 4101
3918 2728 1647 2249 4538 4253 3091 781 3387 1815 969 1815 1007 2292 1461 3309 3099 2537 164 4273
449 2836 1758 4330 2713 4405 835 799 1875 1665 3075 3416 3315 1638 2150 1688 696 4197 4528 1154
3154 2220 473 255 2532 2058 2834 2947 3550 4046 4373 2587 2629 2325 4485 1376 4332 4041 1671 2281
2649 135 1784 3429 832 3285 1244 1548 720 4181 1914 331 1360 1092 687 1376 667 4773 4538 1664
163 3729 503 690 798 2046 4994 3666 2068 1837 3248 48 4000 1664 3395 3738 1784 4439 1989 314
449 2263 1278 2278 3436 3984 2057 4577 2966 396 3550 276 1946 552 3887 3617 3729 2123 2599 2222
3981 1814 2769 2652 130 4947 250 2728 1529 2713 799 2680 4028 4538 3078 3489 503 2942 2113 4660
3981 1040 3643 1272 3215 4271 3134 1252 1438 3285 4103 2640 168 4990 1169 599 503 2652 135 1105
120 764 1648 4000 491 1622 4998 684 1632 3217 719 1244 2170 835 3163 3948 4868 2265 2511 3887
2263 1942 1075 821 2236 2193 1431 1870 4152 2246 3789 4763 4548 2191 4425 2133 378 2140 3740 913
3918 2728 1647 2249 4538 4253 3091 781 3387 1815 969 1815 4028 4711 1598 3920 1144 2748 4804 3499
4768 3825 2238 791 2906 1920 3786 1528 1664 4093 2820 889 2403 381 3530 48 4000 2451 3494 4942
4363 4538 2873 3155 2557 4197 1413 2921 3607 4987 1108 4163 4008 4078 4126 4246 4181 1413 3540 1757
245 4942 1581 1787 3285 674 4028 4538 790 2478 4028 4538 4511 983 3729 3285 4136 1146 2465 3984
163 4633 3887 2222 2789 4081 4411 2554 1529 719 3502 819 3638 210 198 2468 775 233 1117 798
3866 404 4128 2058 2531 3244 2944 4317 3560 3682 646 2911 3303 1085 4571 2628 3285 135 4369 1975
120 780 963 3540 2531 4855 313 4207 2760 3523 378 2610 2146 2947 2015 2465 3874 909 3303 3034
3918 2728 1647 2249 4538 4253 3091 781 3387 1815 969 1815 2292 1339 354 969 1179 2908 2601 570
3000 135 4369 3521 4571 1619 285 2081 752 1864 2223 1130 4852 3666 2436 1887 4703 480 677 4243
449 3475 1591 314 3864 1260 2815 1309 798 708 840 1474 791 1884 3928 1865 1403 3981 3729 3285
1989 2081 4037 1814 1664 491 331 2867 731 2811 2436 684 3134 677 4243 4837 2940 3981 2305 2148
87 1261 3572 221 1814 4554 3572 221 1639 3602 3507 963 2729 4000 3543 1946 552 1870 2686 1814
449 1913 1758 4900 3887 2578 586 3891 3891 3891 3891 3891 3891 2920 1088 2472 3132 4942 4942 4858
3390 1545 2191 4019 3918 4231 449 130 3984 2545 646 3554 1386 1144 825 4479 728 2705 730 2190
4768 3825 3502 1814 2281 3377 4152 3675 2128 1109 4163 160 3379 245 3380 1545 492 1125 2370 1339
1677 2815 2402 1129 1884 3829 3171 394 1413 2382 135 4000 775 1040 4161 3764 3683 1740 1575 2791
3918 2728 1647 2249 4538 4253 3091 781 3387 1815 969 1815 4028 4711 4677 1688 4462 1815 4844 4071
292 4895 2640 168 4990 973 2939 2652 4725 2465 3158 1287 4034 3178 1323 587 4769 3134 4207 3324
3918 2728 1647 2249 4538 2272 3826 2922 3982 4888 4817 4243 233 3502 446 246 728 3323 4954 3540
3757 491 4519 3276 3416 3315 1638 2150 1688 2211 1138 378 2610 795 3540 2640 1290 3200 3120 4554
449 2836 2 252 135 1098 604 1814 378 551 4855 1977 1946 3377 378 4855 1269 378 781 3550
3000 867 4990 1092 396 4538 2711 1795 3005 1946 96 2945 508 96 4588 4333 4837 1605 4981 4785
3532 163 552 1227 3076 1461 3606 2729 1784 4903 2644 2139 291 4039 1439 4819 2072 3572 2815 2232
449 3781 1121 3043 1040 4432 1222 719 3997 2709 4373 2347 449 130 3984 923 1787 825 194 4225
3918 2728 1647 2249 4538 4253 3091 781 3387 1815 969 1815 4089 2599 10 841 314 963 963 3643
1677 2815 2402 1946 4852 2941 4240 313 3440 4763 646 454 3981 2729 86 2584 3090 1664 500 293
137 4930 4451 2068 2058 4243 1315 503 2652 3879 1184 1577 3303 4852 2286 1252 1873 40 40 780
4710 4656 3502 1777 4014 819 2942 135 1784 1241 3731 276 795 795 1648 4101 4163 1711 3540 3324
4152 687 1946 2520 1101 3870 3550 3550 285 3244 3502 4607 4127 1710 506 450 3362 856 4917 175
838 2537 164 428 48 3041 27 51 1240 1740 3171 2729 437 1545 2692 1545 734 1130 2191 1376
906 4600 1664 1139 1512 922 2149 3887 1474 4697 4376 4068 3460 135 2132 2926 4290 646 3944 1598
3918 2728 1647 2249 4538 4253 3091 781 3387 1815 969 1815 4028 354 3217 889 1814 1261 3572 3930
1603 3572 221 430 578 2254 3333 2920 1088 1015 3114 1108 4181 2416 4215 4748 4362 2809 3554 4902
2752 4243 246 3887 4908 3211 2416 4143 901 1182 3902 4000 731 2816 725 1301 4908 2622 1104 4967
3628 841 3743 2944 119 3852 838 657 4447 3972 1436 646 712 4973 4099 1040 3161 1989 4994 4992
3918 2728 1647 2249 4538 4253 3091 781 3387 1815 969 1815 2292 4420 2450 164 3981 1179 2081 4318
2136 682 2249 4538 4253 3091 781 3387 1815 969 1815 1007 2292 1461 323 2610 2527 4163 621 492
3918 2728 1647 2249 4538 4253 3091 781 3387 1815 3075 3556 2815 3387 2185 2719 3732 3295 4990 3240
563 728 3543 252 8 2205 2803 2711 3782 630 4626 4916 719 1583 999 658 4893 3786 3315 1038
3866 404 4128 4855 4689 3887 3695 731 2709 1664 2675 3158 2941 719 2713 1438 1130 3997 325 3406
449 130 3981 4752 4695 3575 4152 799 3989 1626 4055 3811 2191 4618 101 1392 4664 2184 2213 4057
2636 9 2528 1474 1942 2644 3120 4152 3887 378 278 4458 4994 2179 4457 3730 3550 2728 293 938
99 441 3079 1117 1184 1068 2939 2223 552 4607 3874 2865 3540 2695 2729 2505 775 210 1973 3928
3918 2728 1647 2249 4538 4253 3091 781 3387 1815 969 1815 3099 1815 1692 503 3481 505 3967 1691
4477 3295 719 1842 3048 3887 523 1870 1459 424 1191 3829 2191 2225 4172 4031 3352 3540 780 719
3918 2728 1647 2249 4538 4253 3091 781 3387 1815 969 1815 2292 4420 4623 4101 3217 4261 3236 4656
1101 916 646 4804 1977 1812 2263 3171 506 378 3550 3550 4942 1252 1873 1913 2472 3171 3405 2729
163 3079 4163 160 3379 36 4616 4908 2410 2644 15 3184 1757 1659 4784 3666 4538 3540 1459 3666
3918 2728 1647 2249 4538 4253 3091 781 3387 1815 969 1815 2292 4420 632 2104 819 3417 2867 2528
1438 4261 4714 1290 2644 2644 3918 3069 2181 4318 4942 2132 2926 4290 646 3944 1598 378 551 1787
4083 3384 1035 3981 1814 3668 1668 3416 4942 4942 3315 446 1522 4793 4416 3782 2054 1960 1179 1814
3918 2728 1647 2249 4538 4253 3091 781 3387 1815 969 1815 4101 3920 2985 4666 3007 948 4511 1416
3007 3607 3998 4298 3416 4538 930 4187 4633 586 3891 1272 2872 1809 2454 882 3303 878 2728 2696
3502 2081 2468 775 210 1287 1152 3739 1209 3739 725 719 2347 4051 719 3151 3416 4271 488 1222
548 1528 12 1664 1088 3432 1402 315 635 396 4538 4511 983 548 2983 795 2945 1711 3540 2465
4175 1152 3224 3075 9 682 2191 1522 4973 2258 754 2764 1711 2809 646 3617 548 4552 2200 4842
135 14 3514 336 3607 4637 2942 2136 3887 3543 4855 4689 3887 1946 3043 1870 4876 4577 9 2644
3918 2728 1647 2249 4538 4253 3091 781 3387 1815 969 1815 2292 4420 4623 4101 3601 3303 3514 4464
3918 2728 1647 2249 4538 4253 3091 781 3387 1815 969 1815 2292 4420 1179 632 3631 611 1665 1040
3214 4101 1946 3977 4763 164 3981 1814 3303 878 3158 1290 1182 4526 2140 1619 867 3161 4908 1853
1757 48 720 3161 1946 552 1087 774 1111 3164 1528 3643 795 3887 3873 3835 2911 1240 3848 3887
2146 3330 3285 508 4265 832 3730 3666 506 1611 378 781 3831 3825 4743 4752 4987 3122 4707 4758
2136 3924 4519 491 386 4538 1800 4068 3249 2915 1290 2729 795 1162 3285 3984 417 2858 4031 4014
3918 2728 1647 2249 4538 4253 3091 781 3387 307 969 4664 700 1837 753 1740 2966 245 2922 2643
9 245 4758 4082 2696 1973 548 2983 795 2436 4973 25 2897 2713 1006 841 1354 491 4865 4068
3067 4711 3158 2941 719 4075 3494 2141 727 2066 795 3887 2128 2729 3876 378 1138 278 1757 2858
4293 313 775 4161 1814 2863 2212 3874 1888 3942 1431 882 761 1728 4261 1593 4538 1818 2811 4293
163 1272 2467 3887 4852 1881 1757 2472 4538 641 2586 3887 1459 2416 1125 1403 2760 2249 1858 3874
3918 2728 1647 2249 4538 4253 3091 781 3387 1815 969 1815 1588 4608 323 3540 1688 4917 4128 1437
449 130 3981 4451 2591 632 378 3775 3521 2086 1664 4063 4284 2729 795 3887 2711 3281 4197 731
2457 2943 331 1016 356 4735 1378 3692 1785 4068 180 734 2191 1989 1728 1792 3286 3099 1688 4462
449 1678 2284 2265 1165 3164 1130 4538 642 1671 3550 2926 2601 4582 280 3550 164 646 3887 2782
3721 4363 3161 315 4091 2134 1521 4970 4972 700 3164 4760 41 4120 2945 2137 3927 3069 4987 1458
163 3514 3020 1480 3887 2128 2729 1416 1105 1385 1508 3211 506 4151 3494 1664 4099 1125 2600 1419
163 1784 3550 3429 832 3285 494 1088 4476 3171 4311 761 1474 1576 640 2304 719 1223 245 1508
4000 4426 3244 752 3285 2748 372 825 4479 1639 4752 4988 3020 553 2728 293 4942 284 3005 674
3918 2728 1647 2249 4538 4253 3091 781 3387 1815 969 1815 2292 4420 3267 2601 1837 233 1431 2940
3866 404 4128 3887 4852 3666 315 2132 417 1784 3682 1193 1888 3811 2191 1139 791 27 4719 1209
2789 3478 3926 2385 904 4768 1800 2136 3887 2128 4942 1795 2933 2185 3606 3120 2961 4637 1474 1015
2136 173 165 503 441 41 488 4419 3874 1742 1865 491 4738 3395 1566 2179 3311 719 454 1416
1952 833 4942 449 4947 1946 2947 2541 1216 2520 1101 2886 3285 1187 3729 2123 3666 1286 2855 3523
3438 2046 2843 3782 4175 1257 4268 3948 3948 2789 4913 2136 2531 3256 2402 120 646 2920 245 2139
4455 1605 3866 670 2437 2737 696 1297 3887 2857 2968 4744 3887 2128 331 161 586 1994 712 3981
1272 1419 3669 348 4472 1230 2708 904 252 1465 3285 3233 3540 2713 3020 1664 1437 4974 578 4476
3866 404 4985 4451 3244 646 1088 2858 1860 2223 1222 4985 4333 2728 1529 390 4855 2631 378 674
3694 1431 4231 1972 2071 245 1740 2831 4210 4103 250 3874 909 3303 3034 2141 4478 1431 1827 4000
1382 617 3285 1226 4538 3540 818 798 1683 2281 1994 1113 2693 3382 3211 135 4152 1812 719 4037
3918 2728 1647 2249 4538 4253 3091 781 3387 1815 3075 3556 3387 4524 245 4664 4586 2941 3886 68
3918 2728 1688 4835 613 4282 2717 4320 728 3161 3161 3161 3161 3161 3303 3034 1260 3831 2875 2084
2205 2676 3972 4348 2677 1664 553 276 795 176 3119 4063 3099 2834 3984 278 180 734 111 210
3918 2728 1647 2249 4538 4253 3091 781 2452 3387 2454 650 4720 962 110 752 1072 2126 90 369
2146 3890 4850 3617 2985 3572 2046 2191 4723 1286 2729 1977 858 3554 3099 4451 2068 2068 4426 491
3532 2402 4163 1474 2451 3981 4451 3020 1664 2920 2843 2705 2630 3458 3502 3132 856 1139 791 27
449 3089 3607 4987 2021 2084 220 367 4478 1702 3550 646 2911 4947 4000 3572 278 3524 245 4758
4360 2809 3864 3083 1462 3866 2317 2325 3979 1493 523 4166 3604 4865 3134 731 840 586 4817 2941
3721 4363 2136 4464 4613 2714 3540 2713 4674 3744 949 2397 2490 245 4784 4874 3540 245 4602 4727
2136 3924 4519 491 2696 3540 1435 1290 2985 4467 4538 1997 2629 65 1091 2599 3134 2865 3540 2359
99 3224 3947 4519 552 3253 48 4000 3119 2539 3224 4942 3067 3174 1038 999 1286 881 3666 99
3590 2942 2281 2769 2806 686 220 2541 3514 4063 712 2 503 2652 2254 3852 2414 3303 3656 3891
3918 2728 1647 2249 4538 4253 3091 781 3387 1815 969 1815 2292 4420 4623 4101 3607 2985 440 3285
2657 1474 381 178 4471 494 245 658 2644 2139 4078 4865 646 4738 780 3075 4051 4323 440 1361
163 3004 3540 2359 1766 798 4749 2278 2013 3121 2652 731 291 2944 1251 2644 1629 1548 3874 3494
3918 2728 1647 2249 4538 4253 3091 781 3387 1815 969 1815 2292 4420 4426 1815 4420 1859 3034 3379
137 313 1272 3982 2920 1088 3178 1438 677 40 4983 4666 491 1688 4462 1721 333 4474 2578 1088
3918 2728 1647 2249 4538 4253 3091 781 3387 1815 969 1815 2292 4420 570 2985 2555 4666 1626 417
838 4754 1365 96 4577 1646 798 3822 674 4051 3729 3887 433 2711 3389 2478 2465 3494 210 4577
3524 245 2764 4464 4689 3887 1858 677 4243 3528 4136 2548 2773 2252 4031 4514 4392 4538 1818 2252
449 92 798 40 40 1837 41 4348 3171 1920 2454 1015 4554 3285 4990 238 1007 4181 1481 3171
3438 2046 2073 2218 4248 1333 1851 819 3540 1057 4276 1946 552 4833 4634 3350 1814 2769 1977 1651
449 2836 2 3099 2237 1946 3658 3852 1368 135 1800 969 4571 4544 4041 4954 1795 4037 1323 2234
3918 2728 1647 2249 4538 4253 3091 781 3387 1815 969 1815 1007 3099 1144 2224 3523 3572 2435 904
3918 2728 1647 2249 4538 4253 3091 781 3387 1815 969 1815 4028 2985 4518 1946 1403 51 1598 2410
1315 441 1040 2472 1107 4582 4283 4528 3887 352 2729 2503 3777 176 3887 2191 2983 795 1528 2128
2965 2263 578 882 4477 719 396 2220 4181 1386 2815 4051 1664 4758 1230 2708 904 2939 2652 4725
3249 2212 3874 2865 3540 3891 3099 2252 1664 3831 4172 4175 999 2920 3874 4704 246 1365 2478 4994
3416 4942 1581 1261 147 3887 2128 4051 4865 3554 4403 3785 107 2274 3285 3042 4241 1360 626 825
3502 1169 2201 1933 2281 3829 728 51 3984 4365 4694 3042 1125 2600 1419 3 4766 1989 3426 2506
3918 2728 1647 2249 4538 4253 3091 781 3387 1815 969 1815 2292 4420 10 2985 2555 1040 3631 1758
2494 3285 4103 1107 2644 4127 1981 4844 2223 2556 877 96 825 327 2290 1226 4538 4674 2012 4127
449 377 3629 4666 1241 2005 609 1664 3395 1752 2306 721 2922 3982 4374 963 1531 1290 963 3285
3532 2402 963 4438 371 3240 1184 963 24 506 3649 1946 1664 4538 1223 245 1508 1187 4524 433
563 728 3395 4693 2084 1073 4000 3543 252 4552 4504 4152 1469 2554 963 2729 4000 2821 1138 3153
2286 3695 4763 1180 3706 614 4586 4109 3786 1290 4392 3315 404 1329 1413 4152 1664 96 553 276
1143 480 998 861 1290 4844 4127 1578 331 430 2248 3572 3153 4711 4538 3682 4699 752 3120 3504
3661 646 1419 4640 3075 4451 99 4019 1752 4158 3134 3887 2051 1167 1241 4867 819 4175 441 40
3524 245 1091 2599 3134 2865 1671 999 4763 3926 284 3249 4637 2451 2920 3874 356 3984 207 799
3453 2250 4330 4823 4362 752 677 1989 3550 1851 1785 417 1769 2834 1853 4489 2641 3540 3324 810
163 3829 3171 3984 4068 4711 4538 3324 417 652 3163 4455 4101 3852 4526 728 176 1226 4538 4572
2068 3694 1431 4051 1548 866 795 1162 4538 1188 2744 1827 2370 655 4855 795 3887 2128 2729 1416
449 1075 821 250 3161 3161 3161 233 3885 2402 2254 4478 1888 2760 661 2013 1481 4553 3669 3786
2146 973 2939 2693 1099 2720 2030 1745 2205 795 3358 72 2631 3692 999 2760 744 4374 4151 135
1750 3729 3285 4103 4689 3887 4852 1881 3831 2708 2191 1270 4207 4930 3920 1688 725 3786 3315 2599
3918 2728 1647 2249 4538 4253 3091 781 3387 1815 969 1815 3099 2568 2635 906 3661 363 3572 3786
163 2627 15 4323 4116 1946 1946 1226 4538 728 787 3918 2728 795 2922 1516 3540 491 3382 3211
449 92 175 3224 646 2728 795 1844 2193 3874 3494 2451 3415 3927 3550 491 731 4519 1837 4348
2649 3618 1040 2222 4342 2890 1664 3831 2875 1376 1569 4127 731 4000 3572 119 1677 4154 3483 1529
3918 2728 1647 2249 4538 4253 3091 781 3387 1815 969 1815 2292 4420 3521 1289 1645 2730 1645 2254
4477 3872 4158 3706 4401 839 3874 1750 1169 1796 4000 4000 3543 252 728 2211 2553 641 4937 363
3918 2728 1647 2249 4538 4253 3091 781 3387 1815 969 1815 969 1179 2908 1461 280 799 2626 4760
2528 2729 1977 233 646 2920 1088 2858 552 356 2942 3285 4103 1800 1073 719 4318 1664 644 4581
4477 480 4478 1914 4930 4451 1091 46 101 1392 4664 245 821 3150 4754 1413 875 719 1728 1386
3694 1431 1117 4181 1481 3874 909 3303 1868 682 3550 2179 4929 378 2119 3285 1416 2922 2652 2693
3866 404 2261 1290 4261 2381 1438 3285 4243 3528 1458 3829 65 4315 4192 3683 3658 290 1474 3543
449 1054 3075 4560 4769 559 734 164 963 1989 2347 3874 2865 3503 3618 3984 417 719 3984 1674
1578 4609 2982 4895 3251 3281 3334 183 1092 1576 4289 2711 1989 730 245 4664 385 397 4582 4842
2136 4538 4674 2578 4000 3134 2865 2278 3406 4171 2066 1092 3689 233 3887 3494 4063 3099 3692 646
449 4361 1181 259 1545 4231 4656 9 3524 245 4758 3668 2889 1851 3004 2791 1780 4152 1040 4850
3502 449 1814 1664 2686 764 4954 3668 1814 4954 372 506 1670 3887 2644 2289 2478 2041 731 1365
2136 4363 3158 1290 4271 4330 2098 3267 3660 96 825 99 4320 3785 3483 1360 565 4511 134 4429
3602 2976 4544 2437 441 3743 3502 1650 882 3671 4538 4464 110 3891 3874 3835 3502 4071 973 135
4452 163 4163 719 2713 3786 1873 1184 1068 2680 4763 164 2760 4852 506 3171 2084 682 2760 378
3866 404 4128 4855 4689 3887 41 488 1222 858 3119 1665 2728 508 252 4014 4528 3874 646 8
1551 2789 148 3041 3641 1210 506 3649 761 3161 734 598 2423 390 4735 2223 1222 233 4014 861
449 2836 3554 4827 2005 2149 3007 1403 1528 2531 2436 1918 795 1863 349 1851 551 449 734 1130
1367 889 506 3649 1226 4538 1223 245 291 2005 578 3786 1290 1465 3514 362 4479 1623 331 1340
3981 1040 4161 3764 4331 1740 185 1575 4317 1528 1246 3607 4528 3874 2149 1981 2281 3377 3303 2468
4626 1688 2211 1191 3829 4365 4176 2426 4554 2126 15 4942 752 3120 1088 3940 3848 3887 4990 4373
2136 3256 3469 4453 4666 41 1522 4618 1295 4957 2722 503 2652 1252 3607 2942 363 1360 2353 3134
3502 4158 4342 2541 3514 1126 687 1146 4865 4068 3920 2644 3918 3540 4051 719 2941 3886 68 1805
449 2836 3389 3069 4528 3874 4528 1154 3425 1664 3395 3000 4869 578 1438 43 1323 480 998 1011
4998 684 1632 3757 3213 4769 4039 3370 2790 165 1971 2226 2402 2286 503 2652 2985 3940 1555 2190
3918 2728 1647 2249 4538 4253 3091 781 3387 1815 969 1815 4028 3148 502 1840 1211 4519 560 41
163 2627 775 4273 3068 1909 502 3285 4350 2286 4464 176 3617 949 2336 2347 3887 3549 3134 4763
3466 3785 2014 1569 4985 3852 3575 867 480 1117 3984 2599 1092 4694 503 2652 3575 1413 164 4768
3918 2728 1647 2249 4538 4253 3091 781 3387 1815 969 1815 4028 3460 867 4101 4101 687 1290 1465
449 2836 2 552 923 1787 449 2665 3158 1290 3271 3550 26 1309 4000 734 164 2760 2728 968
2136 1290 1025 2834 3984 725 4908 2286 3316 4502 1474 1874 2041 4725 1511 4732 3271 4363 1881 1187
4495 2714 2693 867 687 720 3303 4152 2729 506 1008 3069 3523 1684 135 1098 684 1632 4451 3286
4293 1828 2985 1244 1548 233 4723 646 1838 2594 719 1333 4439 3874 3494 1839 396 3161 315 3823
2947 4000 4000 3543 4908 1419 1150 2985 3134 677 566 369 4858 4349 4909 3887 3389 1881 15 948
2988 3224 40 449 2680 3117 233 1870 3057 998 998 1011 3146 1945 90 687 4666 41 4120 1360
4175 4330 3521 1780 1930 1025 2469 1837 2179 3556 1223 245 3828 4362 2713 4508 2228 4979 4524 646
3918 2728 1647 2249 4538 4253 3091 781 3387 1815 969 1815 3099 2568 4720 2782 2926 1191 248 4917
3918 2728 1647 2249 4538 4253 3091 781 3387 1815 969 1815 4028 4524 2533 250 3218 3540 1815 3521
163 4000 3829 738 795 3471 2857 2968 1576 798 555 4695 293 3481 1049 2920 4763 164 3981 3285
3390 2237 4099 370 4342 3874 1677 318 3764 4331 3837 2492 799 4626 2657 494 4976 840 1989 43
2136 3924 4519 3666 4900 1295 4793 4071 973 1189 1757 1946 2705 3216 720 3120 1946 2947 3303 4206
3918 2728 1647 2249 4538 4253 3091 781 3387 1815 969 1815 2292 4420 1753 2212 1665 250 1528 518
2212 2136 4538 3036 185 4582 1982 998 1814 4101 4484 1623 4293 4771 4197 4000 632 2066 233 4014
137 3306 1905 468 3249 4000 4519 4000 3928 3069 3171 2274 15 1854 4392 4538 4917 2920 2728 3538
3694 245 3152 4538 578 1416 121 4015 4844 1309 2729 3825 1251 3940 1598 4682 4538 1818 1688 2867
213 3224 798 3940 889 54 4855 1346 2287 2032 87 1665 4538 4369 2926 2086 1664 553 26 4985
3532 163 4607 1290 4271 4330 1419 715 3686 3617 1903 2728 1443 2402 719 245 4664 3889 3706 2615
3524 2184 4560 2861 4103 2889 3540 780 4723 1888 3285 2921 4538 1997 1459 2416 430 3705 3887 410
2237 1750 3224 4489 3786 4127 4637 2942 3285 2205 4332 898 1795 4504 1795 4504 1795 4504 1795 4504
2227 2368 9 4051 2713 3130 1757 1946 1750 3224 2851 506 2728 4151 3829 835 3604 4246 1664 4954
4363 4538 2873 3155 3134 3829 171 2760 1575 1800 3171 1920 4098 3161 2191 3802 3699 2966 1286 2729
449 2836 1758 4068 3920 2811 4293 4000 4000 25 3132 731 4078 1717 781 715 3874 909 3303 1868
2960 163 2627 2132 2011 2728 4577 578 3798 1416 3940 588 3887 410 1597 828 3600 4769 3056 2328
3918 2728 1416 4616 4954 1612 3416 1870 3057 3194 2631 4892 1130 2472 4538 1289 646 2911 1240 3848
2680 1753 3070 96 1888 3230 4181 2416 262 176 2148 3161 233 24 506 4607 882 1522 719 454
4068 1787 3285 3089 4477 838 4485 1508 1035 3981 185 164 428 1435 998 998 1011 3146 1945 90
3918 2728 1647 2249 4538 4253 3091 781 3387 1815 969 1815 2292 4420 1179 4618 4988 754 1549 1200
2528 2729 3829 171 4586 1671 1597 2352 3132 2510 2213 2815 4538 1104 2713 1946 3866 3174 3832 835
3918 2728 1647 2249 4538 4253 3091 781 3387 1815 3075 3556 3387 4524 245 2340 4078 1622 2926 2086
163 2627 825 194 4225 4909 3743 752 3120 4163 2211 3982 4869 4362 2920 4554 238 2066 1529 728
2537 719 1244 2170 835 3163 3948 2520 2165 491 506 369 3490 3829 3494 4065 2084 4063 1222 1545
3244 720 677 4323 1852 1169 3494 2760 378 781 3550 3540 385 1167 119 4985 68 3004 990 378
1143 3730 4992 3683 3682 3540 92 4479 1994 2760 3786 719 4691 4810 682 4564 2213 3362 1275 3879
449 4361 1181 2672 1664 548 2983 685 4241 3284 1516 3550 901 503 2652 3879 1184 1577 835 3120
4068 1143 752 4240 1840 3550 2728 3984 782 2627 825 2191 3315 1638 2150 1529 901 1182 4175 4245
2539 825 3315 1227 3478 4037 2278 3256 4538 1977 3041 1361 3026 2881 1180 4103 825 3514 3623 4900
3918 2728 1647 2249 4538 4253 3091 781 3387 1815 969 1815 1060 889 4327 3550 4577 3695 1182 3099
4293 1828 2985 4552 2274 2139 2402 3682 2939 552 1163 823 1267 333 464 2465 2489 3874 548 2983
3694 1431 3041 1870 3540 4954 4947 2489 1750 3094 9 2644 1209 4081 1814 3368 2970 4373 1035 3981
4544 1642 1040 2222 3874 909 3303 4647 4552 3668 4000 4623 2252 3499 1154 1149 1841 4855 772 4727
4083 3384 4082 2136 4538 3887 396 1919 4763 3315 1914 331 914 2278 4990 4373 1431 2701 1695 4865
1989 254 2281 3377 378 4942 449 130 417 2858 3948 1438 3285 4103 506 4480 223 3572 278 506
2537 2263 4616 4954 731 3918 2728 1529 901 1182 3205 4329 4758 3961 1664 752 3120 3940 3285 3984
4544 1480 4317 107 2127 532 3874 1578 682 1888 1973 3928 4615 2292 3554 1767 3802 2920 1888 3370
1382 617 3984 506 3685 252 1688 4462 1721 2435 3153 2766 4538 2711 17 1946 4332 1360 3161 233
2146 1143 752 4758 4992 1474 1098 597 3042 134 1406 3786 315 2132 90 4723 135 1105 3874 1866
3918 2728 1647 2249 4538 4253 3091 781 3387 1815 969 1815 2292 4420 3521 3601 3920 2985 1146 3882
3918 2728 1647 2249 4538 4253 3091 781 3387 1815 969 1815 4028 4420 4519 2568 26 731 491 1688
2483 4181 2416 4215 4748 2184 2527 3829 3571 4373 2587 928 2926 2086 1664 4063 3395 4703 4855 1529
3826 3234 1897 2402 730 3661 3874 1629 4844 2729 3874 1629 3598 1152 2505 1474 4643 4637 2451 4658
3524 245 446 250 1252 3502 4392 1474 3057 998 998 164 4810 1707 4392 4664 2789 3358 719 4691
163 3067 867 1252 4151 3358 3216 2472 2468 2191 2249 3211 1989 314 3481 1360 560 4464 503 2939
2250 163 2680 503 2652 3879 1184 1577 3216 1987 506 1956 2232 3658 4743 1107 1664 1870 1583 3481
3918 2728 1647 2249 4538 4253 3091 781 3387 1815 969 1815 2292 4420 4623 4518 1143 1779 4710 1237
3628 4178 3067 3926 1226 4210 245 3714 3119 3099 4210 3182 372 825 3217 1664 1272 2838 1766 3786
3757 491 4939 976 2211 3982 718 494 1994 1286 2920 1150 1272 2361 1851 683 2084 2711 1222 4197
1382 2287 3285 2286 3150 3556 2915 2729 4000 775 720 3303 4766 3494 1664 968 2906 2492 4666 2146
2415 3540 1757 3098 506 3984 4992 1474 2894 3244 2292 3540 3730 96 4577 1646 4985 245 4602 4727
449 1410 2401 1664 4954 2940 2899 1528 3887 2128 2729 578 4241 2039 111 1040 4850 164 2760 734
473 3831 4005 1883 2054 1237 795 2922 4197 4327 1416 4554 1613 646 2915 1303 2775 1221 4000 3134
4363 3694 3887 2815 245 1870 2041 3607 629 4345 4942 4068 548 4980 1844 4571 503 2652 2942 4998
2528 2729 689 2375 4554 3285 4103 1800 3661 152 4526 3315 938 1209 4081 2140 1835 503 1619 829
2483 2226 2136 4538 3218 4664 3543 1946 250 101 2051 2328 3117 1664 1919 2340 1482 278 1989 3550
3918 2728 1647 2249 4538 4253 3091 781 3387 1815 969 1815 2292 4420 2763 2289 867 895 3926 276
1413 3540 2081 2436 2472 2152 4028 1994 2705 2527 730 999 2760 4377 3597 4046 1328 1179 223 2729
449 130 1040 799 1507 3099 3739 4136 1588 3502 4466 1769 3084 904 861 2084 1474 1474 2899 4197
361 81 2223 1290 2644 1858 3514 2838 1766 2223 3866 4424 1752 2911 3738 4453 164 3550 3550 3865
2136 3924 4519 491 2951 4421 2537 4240 2631 938 3729 503 2942 4571 3121 3977 4987 2855 3523 1474
3067 4711 3158 2015 372 825 642 715 3874 2865 4538 4674 4458 1946 552 3377 409 945 2737 1919
3918 2728 1647 2249 4538 4253 3091 781 3387 1815 969 1815 4028 2985 4518 4994 1040 3631 473 4810
3918 2728 1647 2249 4538 4253 3091 781 3387 1815 969 1815 4028 4420 4519 2005 1060 4181 4273 3007
3918 2728 1647 2249 4538 4253 3091 781 3387 1815 969 1815 2292 4420 4623 4101 3217 1117 3099 2728
163 3079 1946 48 4900 333 101 2578 2066 1461 2259 245 2226 3694 1431 4051 48 720 245 4602
3502 4158 1664 2840 1673 1930 3075 4248 4763 164 2760 734 315 210 688 378 2140 3740 913 3954
3350 734 164 2760 734 164 646 8 4000 1092 1583 3739 2166 2211 3982 1446 666 1148 799 3721
3390 2237 1914 3961 4855 4128 4855 1977 1812 1187 1946 1227 135 378 3429 1665 3234 2202 1795 4835
163 1297 646 712 3981 2148 3866 1688 2940 4089 468 3607 4544 1252 518 578 3285 4243 4231 2729
3784 3761 2472 998 4484 1150 2644 1136 968 3471 1102 3889 2212 503 1403 503 2652 135 1105 1994
449 2836 721 1664 4151 4908 2941 1529 2961 4637 2942 999 2677 1664 4101 4985 4908 3224 4758 1226
3981 4208 2676 2081 3161 586 3406 3034 4332 1985 3284 3389 4007 3891 3874 646 503 2274 3285 417
4175 1152 3596 1169 931 1223 245 4869 41 4637 1330 1920 4207 4930 4554 3285 4181 4181 9 4332
449 1678 2284 2265 1165 4312 3801 3169 121 1125 3362 1758 799 2501 1092 1102 858 586 2692 441
3311 3981 4000 4426 4122 404 730 2190 1575 1376 4844 2578 3554 4241 1360 2353 4900 1295 4773 417
99 3067 3303 840 2760 3786 719 4691 4810 682 2760 4163 2436 1339 4744 3887 4852 1240 4538 4582
2649 4426 46 2379 3171 441 1569 3284 4127 731 731 371 2135 719 2347 4470 1088 2066 990 378
3918 2728 1647 2249 4538 4253 3091 781 3387 1815 969 1815 2292 4420 2092 209 3099 3695 2260 2961
292 1040 780 4723 1858 4323 1977 1946 3377 135 578 2517 4855 2435 2068 1837 2185 2631 3521 252
3981 1692 4082 2937 621 1888 1286 3981 2148 4682 4457 3067 867 2300 3887 3189 2422 3285 4243 3528
449 4292 2695 2531 3244 2944 2353 4432 1787 3977 825 3926 1814 799 1920 4098 4538 3540 1088 1150
1333 4210 4990 4373 245 4538 1223 3874 646 2639 3752 4538 3887 4941 4107 1766 798 1416 480 677
3918 2728 1647 2249 4538 4253 3091 781 3387 1815 969 1815 3099 2537 427 417 3786 605 969 1252
449 3089 4528 1769 3572 1316 321 3738 1784 2435 3153 3540 4051 4842 4271 3706 1994 4071 973 4240
1836 4103 2191 719 376 734 1130 4163 160 3379 245 1901 333 1827 2370 2556 1460 795 164 646
449 1913 4036 4687 3918 4051 4323 3473 2032 2127 4081 724 136 3540 1289 4666 503 2652 2942 291
3590 963 4538 2359 4769 3963 3744 578 40 1184 1577 313 2249 4538 4253 3091 781 3387 1815 969
3524 2184 882 2644 1409 2512 3285 2000 2983 578 4695 2657 3863 4869 1413 2951 1839 1260 4312 1290
3532 2402 4293 4163 1858 1647 3549 4538 4100 3918 3069 2181 2129 586 4227 3540 1289 646 1194 2211
4637 3478 4913 682 1795 2631 3119 2556 2402 2517 3887 731 176 2436 1088 3967 3265 552 1703 646
3700 3695 731 491 4990 3618 1414 3550 4439 998 4982 3260 725 2469 599 43 1416 15 250 687
1836 4103 4476 4763 2796 3572 4960 4538 2094 4769 1456 48 2148 1149 110 249 3502 2533 4908 2977
48 719 4163 646 517 4152 3675 2128 4068 4538 3514 1688 696 96 2874 4577 2760 578 677 4323
99 2174 4805 276 2728 4758 4439 896 3961 3164 4564 1226 4538 3067 3666 1888 99 4227 3540 2408
449 617 841 3249 4210 245 3831 3825 4743 1107 1153 3786 642 4480 1743 9 1474 1360 2644 1179
449 3503 4207 4930 2728 508 252 248 2517 2568 4564 4015 3406 4844 3120 3285 2644 4758 4439 3786
3981 1040 1261 4674 780 3075 1088 1150 2563 315 4607 2920 1888 3206 3319 1888 2068 2531 2068 963
3981 4438 3614 3514 4908 2941 2126 2588 4571 1787 719 4116 882 1261 1130 2136 1837 2185 2631 1622
3920 4538 3218 1146 1199 3502 4466 1769 356 3765 3668 2236 4044 1592 1054 390 3164 646 2135 963
449 3781 3549 219 3707 3481 4881 3285 1088 1190 506 3685 3447 1085 4350 4594 1811 4054 3887 2128
3416 936 3120 3425 4000 1092 299 4739 3169 4452 3705 3984 2019 2992 3891 2920 245 4421 2186 1474
3602 2976 867 2520 1101 4694 548 246 4108 2402 4347 1665 3285 334 825 1158 2378 4710 1564 3661
3286 2680 2730 3240 963 4014 3554 1593 4538 4674 2578 3153 2436 1710 2729 1989 3502 2533 4743 3285
163 3004 1858 1480 1795 4240 313 826 2472 4538 458 2631 3521 1015 3285 2000 1811 1415 4439 3954
508 4772 4870 3089 491 3874 2693 4039 3550 3661 646 2639 3752 4538 1312 1956 734 1240 4538 4362
3918 2728 1647 2249 4538 4253 3091 781 3387 1815 3507 1150 1682 923 626 4538 4674 2578 3153 1998
361 81 2223 1290 1025 725 3786 3628 240 2644 4127 731 3918 4051 1664 4538 2711 17 2817 2680
3532 2402 4435 1419 1150 1108 4181 4420 2610 2402 3866 2317 2325 3979 1493 130 417 4323 4054 3069
292 4895 3135 1431 4869 1413 1049 1785 4667 2008 4099 3874 1812 1865 250 4136 2026 1000 2541 1750
4068 1522 3285 2066 719 1448 3469 4471 4243 2051 4404 2185 4502 3887 1946 3169 1780 867 48 171
2947 449 130 1758 4000 4426 2736 4421 2403 781 4538 680 578 4323 260 3540 2039 4037 2278 1040
3875 4477 480 1085 3315 4577 331 430 1643 3239 4524 3007 3206 2531 3244 2058 491 1688 4462 1721
3918 2728 1647 2249 4538 4253 3091 781 3387 1815 969 1815 2292 4420 3694 4720 1201 354 3171 506
1413 3540 923 1787 163 4633 3508 669 441 2711 2858 3487 840 1361 1528 593 2644 1272 2894 3976
2520 4838 3256 2223 162 1757 3618 2320 3285 1758 4637 1785 799 345 4318 3786 3572 4392 731 39
3309 163 4667 3148 3089 4426 3918 2728 795 1844 2133 882 3502 2504 48 734 598 65 4315 4172
3981 4544 3315 446 3926 3236 506 3523 3607 1088 4476 2635 2436 944 2042 3099 2834 331 1548 2760
4360 2809 3864 245 2094 3184 1888 3206 4710 4889 2688 783 1989 1728 356 4175 1888 4837 3618 3763
3918 2728 480 503 2652 3879 1184 1577 3303 1484 1271 1773 3600 998 3550 646 503 2909 137 3879
4626 135 2588 4674 4099 2941 4097 4036 3550 3714 3829 969 553 4439 3835 4981 1752 2306 363 646
2098 799 4190 385 4988 1339 3721 3224 4758 4992 3607 708 1941 376 734 164 4273 3174 719 4865
3481 2563 4000 4000 3543 1946 4865 3782 3842 252 4528 1283 1946 1664 3831 4172 2545 3643 1272 4623
2136 4363 4900 139 3540 1088 3967 2940 2711 4348 503 1909 2760 734 247 4327 2081 752 3285 165
137 752 3285 734 598 3866 969 169 2657 119 40 2263 2489 3151 780 4175 3234 473 4447 2403
1750 2004 3550 1545 2728 1529 1365 96 4577 1646 3695 1611 3056 1664 2252 4694 731 4838 2462 2711
175 508 2185 252 552 1480 3887 2128 3120 491 506 369 3018 1883 2588 361 3540 48 2148 1149
3981 506 15 1138 4538 3738 1766 2367 3075 250 3240 4290 646 3944 292 963 1888 1123 3370 4736
2136 163 4489 4039 3166 689 1060 1992 2212 616 838 2644 1757 1598 2139 4554 1565 3114 1858 2777
2528 2729 3829 171 2368 4900 4869 3158 4458 276 3211 135 4152 2922 2974 3866 183 178 4471 245
1108 245 4489 2672 4276 719 3984 2851 135 1985 780 4723 1858 1480 3554 4403 3785 107 2274 3622
3532 2402 3532 2402 4163 4101 1946 999 2677 4544 553 2728 1201 825 4985 2802 4099 4106 3099 2949
3918 2728 1647 2249 4538 4253 3091 781 3387 1815 3075 2525 1815 2292 4526 3729 646 2977 2966 999
3918 2728 1647 2249 4538 4253 3091 781 3387 1815 3507 2890 1031 1560 3507 4480 754 1125 1403 1603
4518 1694 15 1138 4538 2610 1109 752 3285 4735 1378 3692 1474 276 4014 3802 2729 4000 3543 1750
2231 3692 4523 3686 1964 4164 1758 1252 4982 4152 752 2246 4254 4844 1860 2533 2223 1290 3694 4819
1382 15 2058 4363 2855 4273 1261 3554 2631 164 3918 979 1474 468 2436 1088 2578 3153 2278 4626
3918 2728 1647 2249 4538 4253 3091 781 3387 1815 969 1815 3729 4785 128 4666 41 2429 2090 2692
3286 163 4633 3508 753 3658 4062 1607 4869 1812 1865 41 3448 969 731 107 3432 1627 1566 889
1382 1169 4250 682 1555 4844 2729 1416 378 2140 3740 913 3390 1985 650 827 1252 1445 2865 3240
3826 1953 245 2500 3447 1085 4554 1565 3167 1664 2811 1977 2375 4059 2081 3891 3984 3041 586 780
163 81 4538 999 313 3514 2465 609 385 3150 2132 4855 1637 1854 99 3351 618 2084 1474 1508
1711 1202 799 1545 3315 4000 2821 1138 4769 3911 2968 3604 4947 4290 4942 1545 3315 1989 1085 3042
120 764 3390 3866 3351 1049 2790 2149 3739 901 2051 1814 1812 1865 1977 4909 3540 2359 3020 1664
3532 2081 2468 775 720 3303 3034 2141 3117 2378 1386 629 318 2855 586 1888 3230 1619 2643 2263
3918 2728 1647 2249 4538 4253 3091 781 3387 1815 969 1815 2292 4420 3521 2409 3631 4720 3630 454
3607 2906 394 999 658 4893 1088 250 3240 2729 4000 2760 3002 1167 856 4464 3763 1858 764 2254
2480 2528 2729 3876 1888 3887 3543 4538 1997 2015 2729 2463 2520 162 797 4720 164 2760 4435 1528
361 81 2223 1665 1888 4451 3879 2729 4511 1416 677 4484 1150 2644 2139 4078 1883 2046 1545 2179
3981 1040 4161 3764 4331 1757 2570 2139 4572 4538 4181 2054 4900 396 4538 2711 252 2416 553 2728
3757 1202 4564 2947 449 4267 586 2583 2300 3926 646 1167 1812 1462 2729 2503 3777 176 4181 4479
3918 2728 1647 2249 4538 4253 3091 781 3387 1815 3075 2278 1588 2085 4616 2008 4519 2127 333 245
3981 632 480 787 3607 3554 2136 2368 2255 3858 3786 3285 417 719 3984 4900 3666 3285 3874 1994
1597 4544 3846 1994 1858 4710 2408 1049 3230 604 449 4947 3236 4476 1664 3150 2701 3763 1664 4942
4455 1605 3866 2444 3057 163 4528 719 3502 506 4163 1858 446 719 1885 578 3786 1360 2989 2890
137 3285 566 3869 1096 1858 1989 3550 1851 3786 313 4942 588 2205 4550 4698 1516 3540 2451 4343
4528 1154 1365 3631 2036 999 4345 404 4231 4758 2851 3285 4243 1117 2729 2287 969 3829 3171 901
2205 4388 3915 3618 1414 278 506 15 1780 1461 3211 2416 855 4028 3285 2748 4477 3661 1088 2858
1169 4858 4323 4666 2286 1117 4181 2226 4000 1088 1190 2010 949 4903 165 3550 4994 2179 4538 4253
2627 15 15 3977 378 1987 1088 2300 4855 3514 1339 4571 3285 3638 1758 4637 1209 4081 4800 882
2649 4426 2240 1289 998 998 2149 1664 4664 2711 65 4315 817 1222 998 171 2306 3554 3295 4693
1108 245 4852 4447 4325 2249 4538 4253 3091 781 3387 1815 1994 1815 4420 4623 4538 4039 3730 1888
838 4754 1365 96 4577 1646 2292 261 480 858 1125 2132 2926 4290 731 1339 3285 323 4477 3661
473 113 4329 4883 4373 2831 1835 503 1333 3158 1474 4992 4538 3887 3189 1267 2205 2254 1480 1798
2809 3864 2528 4540 363 2132 417 719 2626 1130 4852 2200 2392 1977 1146 4714 313 1989 3550 1851
163 1101 4699 1588 2713 2211 3982 2874 3961 1946 4865 3554 4403 2149 4855 933 1125 2600 1419 3363
3033 292 743 385 2374 3928 378 3550 4276 2478 4101 4942 15 3315 446 1184 1068 2680 1522 4973
3918 2728 1647 2249 4538 3888 306 4215 621 468 3563 4954 3604 4872 4855 3682 3981 3285 4243 3528
3981 1240 2216 1088 1150 4261 1750 408 1460 795 3887 4664 2729 418 4720 4694 3523 3981 3285 4122
40 963 4895 4369 1629 2610 1989 776 3852 4526 1664 2312 4637 3926 734 164 2760 4858 4457 3887
2457 2943 331 1016 1416 1577 3858 710 1884 4817 4526 1664 3831 2875 626 1888 4744 3230 3211 3216
1333 3682 3540 3940 43 4616 4664 425 4210 378 199 1024 2166 3671 570 4273 3550 1410 4842 2128
3981 1040 1209 2545 646 503 2274 3285 566 3268 825 719 3984 3120 4152 3887 731 1339 3285 4431
449 3879 2652 3879 2414 1664 2 4768 791 4055 731 107 201 4760 4700 823 245 4869 1413 2951
3918 2728 1647 2249 4538 4253 3091 781 3387 1815 969 1815 4028 4420 4519 1960 3148 1758 4637 1333
4768 3825 2238 791 2906 578 2416 552 4101 4942 2249 999 3981 4451 2858 3656 3926 1883 2436 2213
3757 1202 3067 491 216 247 693 2266 2696 2528 4540 3072 506 1682 4192 278 764 134 4930 1278
449 1099 342 2032 276 3643 795 728 3150 1372 3887 4990 4373 2489 1721 2976 689 314 2347 3272
166 3148 2942 3694 1597 4518 3728 1290 2985 745 2834 4940 2764 4225 1290 4347 2073 2966 999 245
1136 4623 4538 4369 3521 4451 2942 3730 3666 1888 1758 2126 3099 825 3015 2816 1837 786 1909 1883
1780 4152 799 1920 2325 4550 1994 396 4538 4253 3091 781 3387 1815 3099 3757 644 4434 502 1622
3918 2728 1647 2249 4538 4253 3091 781 3387 1815 969 1815 4028 4711 3460 4518 4518 4518 1522 361
2136 4363 2846 4392 2773 4515 3826 646 1230 2708 3042 4758 4992 3067 491 2901 4275 2631 506 4694
4998 1946 2789 789 3928 3554 719 3285 4103 3668 2090 4231 1837 4243 3315 1481 1761 2410 3214 315
4518 1694 15 1138 4538 4674 2578 1240 923 1787 825 4773 3831 304 4051 2226 3236 3020 1664 1252
4360 2809 3864 3083 1462 3866 2317 2325 3979 1493 523 4166 3604 4865 3134 731 780 3502 1150 2563
441 3217 4855 4689 3279 931 255 48 2148 394 3134 752 3285 2254 1480 752 204 798 2313 1431
2209 2588 3380 4181 4524 245 2764 4538 2517 2128 1474 2944 3056 1814 1102 1528 2436 2692 3211 983
2947 449 130 417 2858 4842 3974 518 2057 4106 586 396 720 1182 27 3458 4571 3414 2263 1193
449 2939 2652 135 1566 4000 611 3562 719 4682 2899 3126 1740 3981 3285 4243 3528 1458 3494 2771
4855 2631 3429 1179 4538 3540 3206 4842 4373 1223 245 1508 4215 1613 646 2915 2556 2402 2397 858
3918 2728 1647 2249 4538 4253 3091 781 3387 1815 969 1815 2429 2292 3164 198 3926 1758 4000 315
137 1527 1202 4564 1785 4544 164 787 3918 1979 2480 3942 2182 1260 2424 4763 921 4020 1300 2789
2227 4024 2347 480 720 677 3254 4392 3315 446 171 331 4450 3055 3705 3481 1758 4051 4511 3641
449 130 1040 799 1507 2456 2884 4664 1710 3984 4876 3494 2771 3284 1664 4942 4891 3481 4942 4942
3918 2728 1647 2249 4538 4253 3091 781 3387 1815 969 1815 2292 4420 1209 4518 2072 2139 4720 2642
1169 552 3372 2454 895 2179 180 381 1795 3005 2851 2058 2223 247 2381 1117 245 4942 731 1136
3532 2081 3668 4323 3473 875 503 4152 799 1920 3580 548 3540 1088 4713 2802 356 4071 3896 480
99 1994 737 41 1708 3303 4341 4538 4253 3091 781 3387 1815 969 1815 2292 3607 3148 867 867
2947 1431 677 2382 2941 1529 3211 2416 553 2728 1647 4743 2249 4538 3507 285 379 4788 761 4037
139 3540 1459 3415 3377 1930 278 3744 2190 4555 2148 94 4674 2578 3166 4181 4069 1202 2610 99
163 2627 15 385 3891 2920 4852 734 4947 4163 1787 315 4197 2695 2205 508 3913 1426 4664 3984
449 4361 1181 2672 1664 548 4097 3057 3194 2631 2132 2926 4290 646 2468 4766 3069 2047 1179 1519
4637 1459 3540 2591 2228 586 4994 2729 4000 1079 1319 815 3285 674 1193 4284 2537 157 3415 252
3817 3961 3067 491 2911 4362 2966 1462 2729 1888 3416 3234 402 4197 3729 4727 4865 2436 3316 3984
3918 2728 1647 2249 3926 4947 276 1914 3730 3256 4359 2136 2531 3285 2748 2185 3333 1980 2509 4210
3918 2728 1647 2249 4538 4253 3091 781 3387 1815 969 1815 4028 4524 2533 250 3218 2372 2811 3607
2752 734 164 3981 4175 3153 1179 1888 3514 3672 2457 640 3666 4308 1888 4744 3230 2465 3874 677
2644 3309 1438 3285 4103 2890 1664 3763 3977 2728 1647 2249 4538 4253 3091 2815 2713 3695 292 314
449 4361 1181 2672 1664 3607 1393 2705 2312 2381 3829 4695 3879 2414 1664 364 3150 1637 3631 1758
4626 1688 4462 2528 2729 3554 3099 2834 1361 3587 2846 3786 4626 1098 2644 4428 1160 1165 3852 285
3981 1040 1855 2347 3849 3599 2221 2126 3018 1664 670 4903 4373 3075 4689 3279 4769 4361 2691 2839
3918 2728 1647 2249 4538 4253 3091 781 3387 1815 969 1815 2292 4420 3521 1138 632 1040 1060 2340
3918 2728 1647 2249 4538 4253 3091 781 3387 1815 969 1815 4101 3217 4101 781 2528 4538 4112 4855
4068 1522 2136 51 388 775 1977 3164 1528 1146 3078 2278 3151 1881 734 1240 4308 2908 371 4103
3416 4942 889 720 1209 2644 3918 3315 3462 4988 3730 2203 1059 378 4743 315 4091 2134 1521 4970
3918 2728 1647 2249 4538 4253 3091 781 3387 1815 969 1815 2292 4420 3694 2054 2966 2335 1529 4736
3866 2030 2205 3846 3874 3416 4538 930 4187 4633 586 4817 1671 999 2677 1664 130 646 1838 4439
99 3224 4855 3490 3786 1162 378 2707 825 315 259 3874 1758 2531 3389 3540 3730 552 3596 3502
4768 3825 4175 1560 4215 4748 4524 3158 1290 3099 2815 3596 480 2081 3161 3315 446 1184 1946 1581
2108 4735 962 1382 2287 3565 26 2881 1914 1105 2505 1474 4108 2657 2279 1150 1108 4181 2416 4331
3676 2588 4181 1914 1474 4855 1346 3515 2911 4464 4093 2820 1321 579 464 821 1637 4317 3762 4538
3981 1040 1261 4674 3874 2769 1809 2454 250 2608 2865 99 2372 4637 210 688 245 446 171 4106
3075 508 2641 245 4869 396 331 1016 1416 378 1987 4577 1646 2292 261 1664 2039 3333 27 1508
1883 4273 3918 3069 1459 4727 2352 1639 2278 48 720 2 2084 1474 4602 1560 1437 3629 3714 4766
2068 1837 3977 1314 1077 2084 2711 3866 3351 4826 3863 3256 480 43 3628 3069 1457 1529 2644 3926
473 255 2532 4344 2800 1184 3004 1858 4323 3473 390 529 304 4000 3119 4519 2127 3503 1474 678
449 4361 1181 2672 1664 1858 548 2010 552 4607 27 3666 4538 2128 331 2211 743 1913 734 506
2752 734 164 4273 3174 4842 2644 3918 3829 1870 4152 945 2132 4720 4341 1814 3214 3711 1139 4572
449 3554 2136 4538 1312 2835 719 3763 3887 319 1054 2057 3341 4000 3729 1814 1664 1870 2855 586
449 2836 2436 2367 3390 719 2462 4674 3744 4921 3739 4455 4323 3473 2790 4056 1240 4451 961 4744
2752 1671 999 3120 2644 2985 2939 3156 4338 1210 506 1169 2201 1933 3981 4127 4833 4634 3666 4538
401 4323 4891 3575 1522 3729 503 2942 135 2728 2696 1973 3763 1858 3521 3377 4674 4540 261 1785
1750 3729 433 417 1960 4507 1270 176 1474 4010 4000 3550 3550 2846 1914 2657 4264 238 1240 3285
3502 3272 4210 3182 210 688 378 199 4577 3887 245 2340 4248 4436 1619 2209 896 1645 3666 4538
1439 599 15 3852 4327 4656 2693 1354 3739 3540 2300 4489 4855 133 4323 93 2591 314 3420 3852
3918 2728 1647 2249 4538 4253 3091 781 3387 1815 969 1815 4028 2966 3417 4936 1339 4136 2553 4041
2146 3330 3285 2748 238 3315 4455 3076 3941 2985 2939 3156 4338 1210 3984 2127 4175 4889 2278 2143
3945 2814 3550 3540 3607 1924 3835 3489 51 1839 1918 4152 354 1434 2314 3540 1088 1150 2563 315
449 2836 3389 488 2545 2148 1545 3643 3550 3540 2408 4855 2416 552 3835 1252 3607 3606 4842 2436
449 130 3572 939 3543 3514 3994 4554 1565 3238 4973 4992 3984 1987 1088 4695 48 4000 2451 4055
3481 2135 2782 752 204 798 2313 2416 4054 963 1888 4858 4766 3158 565 480 998 1011 3146 1945
2136 3540 39 2008 1489 4908 1365 313 4554 2469 1124 2897 3415 3832 1989 3550 3550 1837 4103 1851
163 3590 245 4758 2728 1529 4172 441 1101 3216 3094 1858 3607 4152 1758 4068 4720 4447 4988 3020
3918 2728 1647 2249 4538 4253 3091 781 3387 1815 969 1815 3729 4896 917 4108 795 1492 1814 48
2457 2943 3067 135 252 135 578 1283 3982 2279 2709 2760 1006 126 2729 1688 4502 4464 2760 2705
3918 2728 775 2 2058 1884 3103 1591 963 135 578 1283 2728 4780 823 2232 4526 3389 378 2644
2250 2109 2205 3056 3099 1983 2764 3926 4363 700 4538 1897 2944 4007 2644 2217 1977 4903 3786 1130
2212 4852 4874 2834 4439 48 719 4691 4810 3067 2834 1613 2985 169 4637 210 688 245 1740 3861
4068 4714 1360 889 1814 378 385 1548 4766 4227 4571 4913 4667 2693 51 2816 1837 4267 682 233
3607 4163 4552 719 3502 4823 4362 2920 1088 2640 168 4990 137 198 677 4000 3543 4855 2041 3607
3040 76 2368 1529 3984 276 1899 3303 1888 3285 4136 2465 3069 378 1987 331 1800 3134 4342 245
1143 480 1560 4101 4099 441 40 2136 2465 1718 1670 4855 1977 4942 305 1866 2015 1629 4316 3852
563 728 2132 1522 4508 1870 3057 3194 4689 3072 1598 2139 3730 4855 2891 2272 1548 2588 2094 2644
2013 4323 164 43 1125 4666 1183 963 1413 3540 4954 333 1266 2136 1416 3887 3714 4554 2760 306
3694 1431 4207 4930 4554 3285 4181 4181 4158 2644 3514 948 1851 3786 3628 2728 1529 4939 1336 765
1438 4136 3601 2704 162 4227 1780 4464 646 3889 3752 4538 3829 4917 3781 1121 3111 4704 632 734
3918 2728 1647 2249 4538 4253 3091 781 3387 1815 969 455 3099 1191 3232 799 3967 3735 1403 503
3981 1814 3682 1193 4284 2537 157 1785 1108 3540 315 1474 731 4099 3849 1438 1785 3453 3502 4152
3918 2728 1647 2249 4538 4253 3091 781 3387 1815 969 1815 2292 4420 3521 1637 2802 778 2084 503
135 4544 2728 508 252 252 4014 683 1888 99 3068 838 3070 552 3234 36 245 4760 3730 3134
1382 4682 4538 4253 3091 781 3387 1815 969 421 1179 1060 3075 4852 1792 585 3887 2857 3835 868
3918 2728 1647 2249 4538 4253 3091 781 3387 1815 969 1815 2630 3630 1057 3295 130 618 835 3251
3918 2728 1647 2249 4538 4253 3091 781 3387 1815 969 1815 4028 2985 4518 3121 250 427 1040 3735
354 1597 4330 4618 276 2191 3858 1787 1664 2675 4855 1706 2717 1994 4485 3026 101 1795 4504 1795
163 81 4538 2436 3333 48 323 1057 2926 4062 4464 3779 178 4471 2149 3887 378 3676 1977 3120
1837 4682 2899 646 1144 1549 1545 2692 1545 4372 269 135 4586 4350 3286 4071 2081 4942 3977 3384
137 1784 4903 2260 4518 4518 1837 76 3866 4439 4071 2081 4954 169 3606 506 15 4964 1989 4158
2527 2439 858 4022 2191 719 2941 856 3122 1914 331 2649 3201 127 3550 3550 2846 1416 1054 3440
589 4462 245 4664 2644 3607 3918 1266 4526 728 3543 1989 314 1370 4903 2066 795 2191 1197 275
3068 3249 4210 2179 4538 1812 1187 2911 1647 2249 4538 4253 3091 781 3387 1815 969 1815 4028 2126
449 3234 473 2814 1493 2149 1184 2429 3554 712 4900 4000 1092 3057 163 135 4730 4895 2974 3866
449 4426 2942 3285 1758 4637 2451 4658 3425 4330 4323 1040 4161 4607 4273 725 2457 3514 4039 3370
135 4730 164 43 4158 1664 2465 719 4691 4810 998 3887 31 687 4163 160 198 702 1283 783
2729 81 3540 1163 2942 3507 4572 2941 2920 3874 586 2535 3550 3550 26 3214 315 3119 2760 3786
1665 3513 1885 577 2960 173 4817 604 4538 680 578 2 2015 2312 2982 4000 4000 3543 252 1107
449 2836 2 252 1651 4297 1437 2015 2763 1107 1860 4883 2191 1167 4271 3913 1426 503 4054 396
3918 2728 1647 2249 4538 4253 3091 781 3387 1815 969 1815 4028 3387 1815 3099 2104 1323 2949 719
3981 1040 4161 3764 4331 1740 185 1575 1809 4028 4538 92 2381 682 4369 1629 4316 3852 1305 3967
449 3390 506 3099 3550 4990 4373 245 2764 1461 2760 4852 381 65 880 1474 1883 2541 775 719
3866 4763 3961 2494 4680 4922 3178 1191 2128 1188 3 4766 3069 4730 4396 3514 2408 1442 4152 506
3524 2184 4560 2861 4243 2465 245 4069 2361 1474 1777 4476 1664 1437 4340 3705 3572 2191 1167 4524
1382 4323 323 926 2528 2729 3435 3406 2629 4330 1780 4852 2941 1800 1073 2423 4526 3781 1040 2066
4068 2208 4898 3451 586 2474 3617 3285 2232 4477 578 2457 2254 2278 48 2148 1149 2265 1252 731
449 1678 2284 2265 1165 4312 3801 3948 2 3211 1416 677 4787 4349 3285 4735 4429 2136 1184 2263
3918 2728 1647 2249 4538 4253 3091 781 3387 1815 969 1815 4028 4524 2960 3075 250 4071 909 1431
3918 2728 1647 2249 4538 4253 3091 781 3387 1815 969 1815 3239 1516 4420 2092 1787 1522 1648 4341
3295 719 3398 3135 3514 4127 3202 3432 1402 1814 4677 4318 4452 3947 2713 3926 848 3399 3730 3550
3721 4363 3416 4942 2915 2202 2128 2729 3876 1817 2468 915 2436 3395 1566 4000 2179 2478 4028 4538
449 2836 2 4581 4207 1387 792 3763 1858 331 2791 4152 4455 4101 1946 552 207 1298 4019 1333
3231 2976 1924 3879 2911 1416 731 551 2304 712 9 4332 3138 4432 1787 646 2920 4908 2537 1664
3744 3303 424 4998 3068 331 712 2136 1588 3502 1870 4152 3465 901 3714 3829 2191 3802 677 4954
3918 2728 1647 2249 4538 4253 3091 781 3387 1815 969 1815 4028 2985 4518 1502 1036 4637 4101 3502
3918 2728 1647 2249 4538 4253 3091 781 3387 1815 969 1815 2292 4420 4714 4101 1146 4464 1409 2128
1101 2610 719 1244 1088 1190 506 1169 2201 1933 2644 4063 3130 2113 4660 3430 3540 417 2802 356
2146 3330 3285 2263 1223 245 1341 3887 503 2652 3879 2081 3927 841 3811 674 3601 2704 162 1703
4455 1040 719 4163 9 3020 1597 508 4626 363 3874 1795 3163 3169 2084 4128 1758 4637 503 2748
3866 3502 2815 245 2472 441 4942 4985 4908 4227 3540 1088 3967 4930 4554 4106 27 1434 121 216
361 2439 858 4022 2191 3319 1888 963 4103 1888 3887 2128 2729 4000 3543 252 4589 4707 3460 135
449 4552 252 135 4152 3475 1591 1834 1786 2184 385 2139 3067 285 4695 3879 1184 1577 2728 2696
139 107 2129 278 4243 503 2909 3224 4855 825 4855 1198 836 3618 1775 1386 4682 4554 3991 4942
137 752 3285 674 3150 825 1989 1728 293 2278 3151 3550 3429 2711 4421 4163 999 2701 3874 3829
2205 4388 3915 3618 1414 4127 2265 3984 3042 3285 494 299 1909 4768 4128 731 4519 1780 4152 4000
22 1063 3380 2680 3442 4538 3324 417 719 3984 3312 4681 152 3075 586 2872 4103 2368 1290 3918
3033 3540 3730 133 3406 2711 2761 687 417 3786 506 3171 1920 4055 441 2531 1313 4626 4127 3119
3918 2728 1647 2249 4538 4253 665 1814 799 4197 2278 4511 3999 2472 135 840 4572 315 3729 795
163 2728 2677 1664 1252 4869 1752 3132 2263 1266 2136 4538 1818 1688 2729 4000 775 720 4019 4682
4989 587 1858 2537 313 1913 2472 1956 3666 4538 3887 780 3887 4852 4533 3303 3344 3285 2166 1202
3918 2728 1647 2249 4538 4253 3091 781 3387 1815 969 1815 1060 556 1315 4207 1104 2393 2057 2554
3532 4607 3984 527 4941 2340 4048 1179 1519 1919 1073 2423 4526 728 2711 1105 3835 1393 1361 3823
3000 968 3554 3295 3508 585 4554 1565 1575 1800 1664 3928 1865 1977 2191 3802 2378 4710 2688 3379
2483 1897 48 3668 559 734 3887 4181 4538 2834 2205 4485 3889 1295 4957 2722 2084 503 2748 3540
4998 1946 4913 4987 1730 3874 4127 3831 2875 1077 2084 3108 3256 3256 4359 3502 3765 3057 1814 135
2212 9 2528 3887 1946 3169 2381 3887 378 4243 2258 518 833 133 4323 1977 1989 3961 2939 1389
2084 4276 719 1583 4014 3802 2416 51 1885 4840 3996 1154 3445 712 2457 3786 86 1416 3829 738
1989 254 2281 4633 3067 491 369 4449 2729 4000 3543 1839 396 4538 3887 352 2729 1673 488 318
3918 2728 1647 2249 4538 4253 3091 781 3387 1815 969 1815 2292 4420 4518 1143 4013 99 2729 3138
1750 2004 3550 1545 2692 1888 3942 1431 4377 506 3490 2588 197 2263 3018 3389 2478 4694 3786 911
4013 3607 1766 3999 2472 4538 4084 2136 2136 4900 4900 1881 4448 4917 1752 4942 731 15 4323 2851
449 2836 1758 4637 1795 2951 968 2977 3503 4594 880 3055 4954 3218 3602 4455 867 720 3303 4871
2789 3478 2468 775 687 1290 963 4181 4538 14 2402 3864 2472 2945 2834 1169 3043 2531 2113 1793
2146 1946 3666 1888 3887 2128 1688 4462 1721 1859 2371 449 2680 1883 2263 4350 584 4607 3786 1290
449 2836 2 4055 2286 2226 3550 3171 3623 963 4000 3829 4311 795 1162 4538 3324 810 4767 2081
661 2644 506 2139 4538 981 24 1793 417 2945 2599 3134 4723 2015 3926 1619 86 1290 2985 745
3981 1814 4538 1795 135 4152 3604 3315 4608 1583 642 1437 3540 1088 3149 620 490 245 4421 2892
3918 2728 1647 2249 4538 4253 3091 781 3387 1815 969 1815 4028 4711 1598 4518 2504 4699 1588 3502
1989 254 3134 752 121 216 2057 3305 1215 904 4019 441 2711 4285 1787 2113 4607 3786 2148 4682
2227 4024 999 4345 882 1779 687 2068 2068 2068 2068 4858 3514 2693 646 1755 646 503 2274 3285
2013 2553 674 4210 245 4320 4099 1035 3981 3285 494 4763 164 3416 3540 2408 1566 682 2249 247
449 3475 1591 314 2076 2947 2249 4538 4253 3091 781 3387 1815 3075 1158 4524 2378 2537 4674 3866
4990 3224 4656 9 2644 1323 3523 3926 1474 1015 823 2941 2920 3874 4000 4528 586 523 737 1588
3416 3514 4716 1811 4447 4231 2108 1620 1531 3846 3831 3075 245 4485 3149 288 1474 2226 1529 3572
3918 2728 1647 2249 4538 4253 3091 781 3387 1815 969 1815 4028 2556 2612 4392 3099 3938 897 819
3981 1040 3643 1272 3215 4271 4054 4362 2920 3611 2036 4108 2278 4865 3134 4453 4666 41 597 904
3918 2728 1647 2249 4538 4253 3091 781 3387 1815 969 1815 4028 2985 4518 1199 2601 2644 669 4039
2789 3478 3926 4361 3949 65 2719 677 99 3961 2760 3786 719 3135 4855 1512 2908 680 578 1629
449 1678 2284 2265 1252 356 1560 51 4000 4078 3583 3415 3550 700 2855 3523 3607 2861 4243 1758
3918 2728 1647 2249 4538 4253 3091 781 3387 1815 969 1815 3099 314 2613 404 1125 2985 4666 2375
3918 2728 1647 2249 4538 4253 3091 781 3387 3158 2432 2815 2335 4225 1290 3852 4511 838 2368 1529
3918 2728 1647 2249 4538 3571 306 4250 3044 2138 2855 2541 3729 2123 2599 3134 3502 480 2081 4323
137 1784 4903 1049 508 4265 1691 4015 950 1883 2054 4526 4711 3158 1777 4348 4658 2809 752 3285
2136 4538 2873 2255 1461 2729 3166 2184 4738 4990 4373 1607 1350 99 795 2015 4990 4373 245 4869
57 4082 449 210 3119 1146 4552 1241 276 3643 795 245 4556 4509 3888 2478 2454 250 492 1717
4068 3540 1769 356 2298 861 2809 1622 552 3132 2281 3377 4152 3675 2128 2942 4538 1795 1416 2922
3918 2728 1647 2249 4538 4253 3091 781 3387 1815 969 1815 2292 4420 3289 3870 1671 417 2370 1575
3981 3514 1785 331 2867 4246 1474 3972 1040 313 1465 417 4000 1092 4988 198 4763 4348 1800 417
163 552 518 1581 1146 1474 4602 1560 553 3158 1474 2901 3169 4577 1784 4210 4869 2863 423 1576
2136 3924 4519 3276 1837 4788 396 2729 4000 3543 4942 1545 4011 3248 4869 1413 2711 1761 1545 2123
4752 2851 3984 2225 4549 2897 534 4330 2278 1193 3874 902 1529 4865 378 1138 3079 2644 2312 4255
1558 1837 2081 4127 4654 2359 2359 731 3189 1671 2068 4858 3823 3927 3153 4538 3475 3835 1926 998
2397 3784 2713 4348 4913 3607 4197 867 2437 441 276 3643 795 3540 2359 2775 2506 3781 3837 275
3918 2728 1647 2249 4538 4253 3091 781 3387 421 2560 4618 2616 2084 4748 3601 2926 1191 2128 552
163 552 3874 3940 1101 4526 3540 352 2729 1673 1421 4197 2278 3658 4990 821 2821 548 233 246
3918 2728 1647 2249 4538 4253 3091 781 3387 1815 969 1815 2292 4420 4031 26 3067 1482 1025 1431
3866 404 4128 4855 2631 4855 933 4626 1688 1688 696 1022 2535 3874 3672 1888 4837 4099 4082 3134
4538 2603 1972 3148 1548 866 795 3315 446 1642 372 3852 4526 1664 3926 3084 3311 3572 4643 4524
2146 819 4175 999 245 4117 2573 2714 72 3285 1575 1146 3380 1403 4766 38 684 4246 2437 825
449 2836 1758 4637 2840 4586 4109 3786 1290 1815 1972 1529 3572 3514 4464 1099 2090 4115 2158 2013
99 3169 3068 2414 2897 4763 506 3649 1728 1474 1015 3285 4103 4055 4682 929 2191 4323 3473 4528
2098 1396 1154 3471 4267 3075 4451 99 1226 867 2505 1474 4602 2711 2711 4486 4695 764 3984 134
2108 1897 829 1202 4571 3411 3230 764 737 3661 1560 4101 1981 4844 2223 1290 3920 534 719 609
3918 2728 1647 2249 4538 4253 3091 781 3387 421 4711 4289 183 480 2578 2118 480 861 2084 2711
3918 2728 1647 2249 4538 4253 3091 781 3387 1815 969 1815 2292 4420 1323 3544 1989 3481 4726 566
3918 2728 1647 2249 4538 4253 3091 781 3387 1815 969 1815 2292 4420 3865 577 1555 1102 3378 3494
449 130 1040 719 1431 4051 2312 4637 4037 2205 4434 2890 1664 1320 503 2760 661 3284 1664 4942
1989 254 480 861 2809 578 2729 300 491 4865 1252 901 4078 2084 1883 1814 3388 3389 3866 4424
4544 313 4207 1800 3981 3285 1972 4207 1387 891 3961 3891 719 2347 3874 1226 4210 4051 4212 821
3981 1040 3643 2136 4900 2612 1769 1332 3234 1897 3550 276 2760 4852 3272 342 3048 4954 4842 4271
4998 2448 4666 4128 1881 4350 396 3839 4020 1732 2644 548 3134 394 4518 3870 1814 1360 210 688
3532 163 3514 2402 3656 4051 2226 2148 719 2462 4674 4540 4405 4108 4197 4243 3852 782 642 2692
449 130 506 1169 1856 4842 4383 1474 2310 1827 2672 2705 3947 682 933 2136 4900 2942 2677 1977
4703 867 687 3490 2358 752 1431 4051 599 1581 4019 245 3224 4758 568 4554 3285 2436 323 2902
3918 2728 1647 2249 4538 4253 3091 781 3387 1815 969 1815 4028 4028 3148 1060 4538 1950 3803 1043
4518 1694 15 1138 4538 3590 1287 4330 2278 1193 4007 2890 3134 731 840 3285 2000 677 1415 3174
3918 2728 1647 2249 4538 4253 3091 781 3387 1815 969 1815 4028 1840 4101 2335 4538 1289 4666 1522
3981 2769 4988 3730 1633 1809 2454 3054 1977 1367 799 4842 2191 2402 1267 2286 433 4392 646 1474
4929 4998 3169 2381 791 2333 1665 4163 493 578 2760 3786 719 4318 1529 4607 719 1244 2170 2084
2527 2439 858 4022 2191 719 2941 855 3786 4363 4720 1992 4526 4727 1664 2915 4637 1459 552 1919
137 1784 3550 4499 825 4618 2507 1883 4929 2949 3120 1209 4081 4800 882 1664 3666 1888 3285 2281
449 3164 3114 41 488 605 2148 4172 3948 3554 3295 1006 4852 2729 4000 4000 775 720 2136 2457
3918 2728 1647 2249 4538 4253 3091 781 3387 1815 969 1815 2292 4420 570 2969 3556 4210 1812 2416
2644 3798 3514 631 1865 3285 674 3056 65 1102 1560 2393 4197 2292 780 719 1223 1286 3540 3324
3918 2728 1647 2249 4538 4253 3091 781 3387 1815 969 1815 2292 4420 4031 3121 4518 3284 2882 2041
1750 3729 3514 1814 2644 2834 331 2867 3158 3617 4181 1914 1216 1795 135 3828 3682 3699 1977 2631
2556 1814 3682 3540 1088 923 3550 4099 4626 1933 1169 2728 4485 1111 384 4181 2051 1167 245 4117
4855 4496 250 586 3891 2066 245 446 171 18 1598 1619 4823 799 3309 2 792 1984 2000 2424
4998 1946 4682 503 3420 4363 3158 1290 2985 2939 4175 3967 3661 1977 1812 4051 719 2347 449 2942
3918 2728 1647 2249 4538 4253 3091 781 3387 1815 969 1815 4028 2457 2985 2555 3540 3831 304 4581
3730 1946 135 1480 3887 2128 3120 4051 3554 3295 40 40 2015 2465 3979 2777 4318 378 3429 3130
3918 2728 1647 2249 4538 4253 3091 781 3387 1815 969 1815 4028 4524 2533 250 1863 3608 2942 1812
2789 3478 2468 775 720 3303 4766 1721 106 790 1180 2729 4000 3543 4727 2306 3462 483 3606 2729
552 1560 3216 2728 1529 3869 246 197 1474 2491 877 2212 3523 2139 4554 3218 2639 1261 4842 2128
4680 2190 1575 3643 795 2922 441 2200 2035 2633 3928 712 1290 4457 1597 2637 1787 935 2412 173
3502 3075 449 1729 3550 4103 1410 3682 3114 1858 2729 3120 3890 2766 1994 1827 2760 1854 4623 4538
4998 1946 999 4763 2713 1785 4528 3874 3075 1088 1190 506 3649 2232 3604 506 2766 4869 441 1482
2227 4024 999 4345 1091 4626 3682 3981 3285 2286 2728 3538 2199 257 1529 624 963 4000 4000 3543
1143 3231 2976 4478 3550 4903 2375 731 4553 228 4101 1758 1648 1529 4682 4554 3407 4895 4094 2191
3918 2728 1647 2249 4538 4253 3091 781 3387 1815 969 1815 2292 4420 2985 2555 4666 41 1522 3981
4758 3618 441 4041 4514 3158 734 1814 799 1875 1665 4689 3390 99 2030 4172 2631 4055 3134 1474
4068 3540 3618 1671 999 2677 4695 3554 3295 3554 1566 9 642 2947 3874 1888 4837 801 1138 4127
163 1297 3887 780 2278 3436 376 503 2652 3244 2372 1154 1844 3494 250 1814 1851 1946 48 1548
2729 81 4538 458 3540 1088 3149 620 490 245 4421 2892 4452 3075 356 3502 2081 752 3285 4998
449 2836 2 441 4518 2211 1731 494 1809 4028 1278 92 40 1946 48 3134 1787 1664 4720 2247
3918 2728 1647 2249 4538 4253 3091 781 3387 1815 969 1815 2292 4420 3521 1289 2926 2005 1146 4344
3068 2533 4869 3158 1290 3099 2728 1688 1688 696 867 24 1648 4000 2922 3982 2128 2705 4930 4554
3918 2728 1647 2249 4538 3571 306 4250 4763 1360 2989 568 3311 1209 2537 1049 2939 1989 1728 169
4680 3099 3730 3831 2875 1376 3730 4514 3831 182 4317 25 4682 4760 795 2922 945 2737 1919 4152
1989 254 2281 3377 378 3798 4078 2368 4602 449 1977 1812 378 4656 9 4421 3285 720 3727 4037
2136 1290 1025 3697 2644 4810 1858 4544 3540 2359 2402 4163 4485 1611 3686 503 2533 3158 1290 3981
3532 2402 3416 3514 2216 4207 1431 1812 3887 238 3204 1124 3874 3729 3285 4103 1800 1416 1105 2226
2146 819 2942 2541 4758 3984 819 4175 4000 4210 245 4210 4869 4477 578 896 3896 2631 3668 741
906 4600 4037 135 1566 3981 4127 1710 506 1913 1474 586 731 4538 1099 1994 3075 4451 2858 3487
2205 4388 3915 3618 1414 278 3395 1566 3315 2081 1036 1896 795 3887 2191 2865 4973 1211 1671 2520
449 4361 1181 2672 1664 2652 1873 4855 4128 139 1664 3174 2208 4898 1777 369 4449 3285 3540 1088
4626 1688 4462 3430 4837 901 503 2652 2942 291 2644 968 356 1973 2693 1403 3666 4000 1758 4330
1143 3730 2148 1282 449 210 1548 1758 1548 4207 1800 2740 3134 789 3695 3384 1419 1024 2212 851
3918 2728 1647 2249 4538 4253 3091 781 3387 1815 969 1815 4028 4524 2533 250 3218 3540 1815 1465
3502 381 284 2241 4581 1091 4908 4195 4152 1560 3395 896 1368 4163 233 3864 728 2711 1031 4695
3918 2728 1647 2249 4538 4253 3091 781 3387 1815 969 1815 4028 4711 1060 1688 107 2147 130 2126
973 2939 4175 741 3730 3666 2436 1918 795 1528 2436 3118 2211 2066 378 1987 1088 2393 1866 4175
4973 99 1431 3543 4908 1287 417 719 4744 3887 503 3116 1431 1241 2005 4514 3027 1560 1276 3887
2457 840 4572 502 2740 2437 41 4120 354 945 1858 1595 799 2680 4538 2211 2502 2643 3285 1054
165 4339 626 1750 3729 646 1376 3380 3211 135 2650 1508 3874 677 1977 2728 795 3887 2920 1575
2760 1169 41 2409 3161 233 4020 4721 4015 1529 4538 799 2680 4832 1688 4462 1721 3217 2504 3940
2588 2748 99 3351 2091 737 1671 247 3646 2829 3942 2207 1992 623 1600 3024 1528 2211 1283 838
449 2836 4990 731 2894 4960 4438 4248 677 1598 1474 678 291 4051 597 356 1197 3068 4382 179
3607 2588 3540 2359 4567 1971 110 1487 3874 2378 3285 4103 3171 3623 2494 3940 2740 3564 906 3333
2381 3075 4852 2402 1267 333 441 492 2265 245 882 1664 2696 1973 1179 973 4528 3887 1946 3184
3918 2728 1647 2249 4538 4253 3091 781 3387 1815 969 1815 2292 4420 3521 4184 4289 313 2278 1199
3438 2046 3211 2416 1203 4078 1026 3948 4735 4514 2693 4051 4039 3646 2829 3942 2207 1992 2212 2855
548 1474 276 3643 795 245 4664 4051 4865 2281 4476 2132 1522 1040 4231 1313 3540 2359 48 1980
838 3730 3858 4902 4392 1474 4725 2465 1812 3114 3099 3075 2655 4674 4526 2472 336 3607 4637 3540
3918 2728 1647 2249 4538 4253 3091 781 3387 1815 1124 969 971 4763 669 4031 3148 2136 4900 1730
163 1989 314 2347 4874 1202 3926 646 1167 41 3125 4477 2696 3601 4769 4593 3303 3135 40 40
3918 2728 1647 2249 4538 4253 3091 781 3387 1815 2864 969 1815 473 4230 1531 364 4988 3730 1633
2146 508 898 3315 3494 4036 4544 1642 276 795 1162 40 4158 4267 3211 4528 3874 4704 632 4990
40 963 4000 4630 4477 4571 4479 4865 1664 2630 1059 1645 3866 2030 1745 2205 2811 3926 492 2843
3502 532 4489 2644 3918 1979 2480 3942 2182 1260 2424 4551 4819 1203 4865 731 2707 1215 390 1005
4858 3231 1169 2533 3158 1290 3099 2435 3416 1980 3580 3416 315 1819 670 1851 734 1240 2216 2278
361 81 2223 1290 3890 3099 2834 331 1357 3928 4646 3075 2136 670 2128 2729 1673 4457 3550 4564
3918 2728 1688 1688 696 4637 2451 825 4871 4099 441 4766 3494 4036 4544 1642 441 2539 3440 1252
2281 4000 597 904 1989 379 4348 552 2340 1482 2695 1598 3940 889 2304 3740 1676 1243 3661 3887
3416 4763 164 3981 1814 4078 835 4988 3730 969 3829 4917 2760 3786 1436 4763 646 2468 2191 2191
1439 2728 1647 2249 4538 4253 3091 781 3387 1815 969 1815 2292 4420 570 3460 2985 4518 3572 4844
3099 3938 4063 2992 3891 2920 3002 4556 4743 3161 315 3823 1036 3540 2255 968 4321 1865 41 2409
3416 4127 3458 154 2058 4686 552 3730 3831 4172 4175 4010 3666 4538 4538 1795 968 552 356 1522
4768 3825 2278 1560 4895 2688 732 1370 2525 3571 4491 1750 2528 2729 3829 164 3981 315 3016 3730
3532 2402 963 3514 293 780 1431 2472 1888 3942 1431 4992 1474 1777 4476 1088 2191 2983 110 3618
4496 4687 43 4330 506 15 262 2166 2098 4855 3005 3550 4697 642 3926 1960 1179 2081 3835 3763
2657 245 356 1522 3540 2713 3020 1784 1481 3874 4726 2613 3948 4727 825 4942 4106 4763 1634 4528
1605 3694 1431 4051 1006 4736 1008 1780 1930 1025 1445 3239 4524 4524 40 4158 3998 2782 2375 586
3918 2728 1647 2249 4538 4253 3091 781 3387 1815 969 1179 665 754 3726 2693 4785 1462 4007 687
163 3440 1946 4913 3256 2223 1290 3236 4330 829 560 4439 233 4874 2490 566 1193 3889 304 4637
3918 2728 1647 2249 4538 4253 3091 781 3387 1815 969 1815 969 1179 2908 4538 1146 4020 2098 1246
163 4727 3982 1870 3288 3763 3607 3309 163 1297 1934 4689 3887 3189 3306 1531 1008 1278 1019 450
3453 1722 4626 1933 1226 2890 3169 1290 1025 3135 1837 4243 3588 2041 2705 486 2249 2478 4538 3829
1578 4609 2982 2136 4785 912 1952 3874 4704 4571 3572 4643 4524 2414 2281 2286 3714 4947 4402 3234
2537 3319 3602 3295 1006 1851 1566 599 963 2775 488 1040 245 2834 1853 4852 3666 4308 1888 611
1666 3643 1914 4682 929 2191 4908 1297 3887 2128 2729 4865 1664 2465 4246 1313 3540 4101 4804 1290
3918 2728 1647 2249 4538 4253 3091 781 3387 1815 969 1815 4668 4811 1144 4165 1289 4666 4551 1605
3918 2728 1647 2249 4538 4253 3091 781 3387 1025 3739 4238 1146 1241 1376 1271 1278 4538 4538 1146
3918 2728 1647 2249 4538 4253 3091 781 3387 1815 969 1815 2292 4420 570 4208 1199 3607 4152 2205
449 2836 2436 4550 730 3161 233 454 3984 1339 4837 4421 2954 3781 1040 1163 1226 4336 135 1664
4855 4496 2834 1677 4154 2985 3134 4342 2205 3730 2437 441 4178 4616 4349 963 642 3540 1769 4855
1666 3643 1914 1784 3429 832 3887 670 2973 4318 3285 1193 4518 3116 3550 4439 1809 553 2728 4577
449 3286 2286 4907 4908 3918 2751 3502 4823 3075 1508 1035 3981 4208 363 2132 1522 719 454 3984
3918 2728 1647 2249 4538 4253 3091 781 3387 1815 969 1815 2292 4420 4623 4101 3601 3694 502 4489
4626 1688 4462 3430 2733 3540 4485 1887 2782 3075 882 3741 173 1860 245 1740 2416 1448 1989 2435
3918 2728 1647 2249 4538 4253 3091 781 3387 1815 969 1815 2292 4420 2092 2937 949 3414 1779 1787
3000 1972 1339 889 54 2644 3918 2728 795 1844 2683 730 372 1757 2904 754 2728 1647 2249 2287
4626 1688 4462 3430 4855 2490 3415 4210 245 2676 4007 3920 3926 3134 3286 3643 1272 548 3835 1230
3694 2713 752 3285 3233 597 904 3068 4158 4068 2644 3668 2695 1758 2711 3389 3866 2317 2325 4937
3918 2728 1647 2249 4538 4253 3091 781 3387 1815 969 1815 2292 4420 292 1179 3831 304 855 1758
2729 1895 1360 4705 4809 4477 2403 3224 4855 3682 364 3460 731 2714 4538 4464 4093 2820 889 2403
1750 1946 3017 798 2402 963 867 4664 4400 2921 3607 4987 1458 3211 135 4426 2515 173 1438 1752
3295 2519 4633 3887 503 2652 3575 292 4582 2901 4285 1787 2436 944 293 720 646 2705 1629 671
3628 3069 4987 1789 4110 3656 3714 3829 2761 3643 3550 3550 2846 1856 4842 2644 3918 4383 1645 4646
2436 3508 585 4457 1664 2071 1461 3981 2729 3874 2760 1062 1266 2594 719 1922 1578 3285 3233 2465
449 4361 1181 2672 1664 548 3310 1664 3928 578 2226 3153 4538 1089 2436 1085 4350 4869 2571 1184
81 3540 92 2527 304 3634 135 3828 4327 4942 2656 3984 1480 752 3120 4554 3285 378 2472 3874
2281 1946 3017 3134 934 4884 2054 4900 131 3502 4158 1664 2915 372 3056 252 552 4793 1668 3094
1438 4136 3601 2217 1784 4908 4662 3984 527 4941 2340 291 2403 3607 1784 3550 3865 1475 825 3829
3918 2728 1647 2249 4538 3571 306 4250 4320 3445 2211 3176 1757 4908 2941 719 1058 3494 2046 2977
2528 2729 3435 3521 3264 1946 3184 1757 4793 3831 2127 1040 4161 1740 4538 609 3940 629 3540 734
838 3798 775 3099 2435 3153 4363 4538 930 1465 1812 823 4051 40 449 565 210 4362 2436 3389
3918 2728 1647 2249 4538 4253 3091 781 3387 1815 969 1815 2292 4420 632 4618 3580 3920 3920 4538
3918 2728 1647 2249 4538 4253 3091 781 3387 1815 969 1815 2292 4420 1143 2568 408 4739 4359 4526
1290 1025 3135 1837 4348 3315 2226 4571 825 449 1410 2560 1757 2506 1795 1092 3722 2868 1508 1144
449 1252 3618 2945 1977 1946 48 734 2970 454 795 728 4985 2728 1647 2249 3874 1758 4068 4720
1865 4330 1381 331 2132 2436 3765 1892 4538 278 4637 3315 4608 3874 548 4930 1787 3067 491 1584
163 2627 15 15 3906 454 4071 973 1226 4538 3829 164 3981 1040 719 1431 4051 1664 1272 1487
3918 2728 1647 2249 4538 4253 3091 781 3387 1815 36 4524 1673 2252 4031 2381 1117 798 677 1415
163 4871 1226 3831 565 1664 3835 413 121 216 642 4019 999 658 4893 3786 3315 2599 1177 4892
4626 1688 4462 245 3948 2696 3763 4571 1787 4538 646 2468 2191 719 2941 855 799 855 2568 4477
3099 3739 1261 856 4464 3779 4151 1989 2922 2729 1673 285 2435 4908 1088 939 2436 1088 3967 3265
449 92 106 2253 646 712 2084 1177 1707 3390 4000 1994 4264 238 586 1603 2099 3848 1758 4051
41 3706 1994 3889 3752 1360 4748 2148 163 3004 585 4524 4019 245 2340 4519 4231 4538 2873 3155
4293 1828 2985 1244 1548 4207 4871 3055 4664 1850 4004 390 1261 3070 96 825 4127 4126 4246 1190
3918 2728 1647 2249 4538 4253 3091 781 3387 1815 969 1815 1146 818 4703 4452 896 2051 2213 3091
4768 3825 2238 791 2906 394 2809 588 2205 4436 2780 2205 60 4298 3099 3692 3554 4710 1459 3666
3918 2728 1647 2249 4538 4253 3091 781 3387 1815 969 1815 2292 2238 491 4462 4071 1620 40 4243
3503 2205 3782 1057 3598 752 3285 674 3150 3996 4455 4518 1956 3866 2030 1745 2205 795 3887 238
449 3597 3601 3926 1177 3556 40 2729 1673 3981 2729 4000 3543 4451 2942 4564 1360 1883 2057 506
3532 2402 2571 1184 1550 1290 767 1088 3549 1092 245 4833 441 2286 245 446 1994 2691 3469 3891
3918 2728 1647 2249 4538 4253 3091 781 3387 1815 969 1815 2292 4420 4623 2409 1787 1403 1665 4028
449 2836 4990 3069 1549 1545 4870 4637 1664 4954 372 3852 4526 4758 4607 1290 1017 4181 4181 4458
4068 1522 1655 40 737 2951 4643 4524 2414 1438 1865 3967 1691 3158 1290 3099 658 3554 1108 2728
3981 1040 3643 1851 210 629 2278 4990 4373 3599 3160 4972 865 1858 3285 2652 4987 4666 503 1619
1101 2610 2527 1795 599 4455 1360 2989 2890 1664 3831 3123 2232 865 1360 2118 3811 4548 2191 3083
3918 2728 1647 2249 4538 4253 3091 781 3387 1815 969 1815 4028 4524 2533 3730 1290 2644 4127 3202
2527 2439 858 4022 2191 719 2941 2046 396 4524 245 4210 245 3658 3429 832 3285 3984 506 3649
3918 2728 1647 2249 4538 4253 3091 781 3387 1815 969 3920 2511 421 3148 1566 1072 349 3427 1972
3532 3082 3445 1946 1474 4197 2281 3377 4152 2779 4842 2128 4068 4127 3271 135 3695 1092 1576 4763
3694 1431 4207 4930 4554 3285 4181 2278 1757 2858 3487 840 3926 2519 4528 4051 3729 1442 3926 492
529 3826 4805 734 1130 245 2901 1528 1787 1664 780 99 3641 2809 3864 3083 1462 3866 2317 2325
3981 1814 4763 4554 2212 4973 4184 973 3069 669 731 4538 1357 731 491 3134 4582 342 3887 2128
3918 2728 1647 2249 4538 4253 3091 781 3387 1815 969 1815 2657 1557 4985 2010 4666 41 1522 1381
3918 2728 1647 2249 4538 4253 3091 781 3387 1815 969 1815 2292 3148 4420 2217 3521 3711 3823 99
2537 2220 4477 480 2081 4323 4891 246 3984 2599 835 1647 1787 3926 2520 2612 3887 1025 2701 734
2146 3330 3285 2652 130 506 1956 2416 855 4028 4538 4369 356 3607 1924 198 3926 3020 518 3666
1666 3643 4000 4426 285 782 3303 4643 4524 2414 2281 3874 552 4668 245 4373 3629 1230 2141 4760
2011 3813 15 1138 4538 2939 2281 552 2895 2558 918 245 1740 2831 4210 378 2140 3740 913 3954
4477 480 4607 1972 4243 3528 609 1664 644 4905 4686 2359 2359 4769 1508 1144 1167 1117 3926 4363
3154 2220 473 255 2532 4344 2123 4626 1933 2286 433 4392 2436 1918 795 1844 1267 333 464 2353
2537 3319 3926 618 835 121 216 4772 1795 4972 3829 3471 4101 1981 3540 687 3135 4637 2451 1107
3918 2728 1647 2249 4538 4253 3091 781 3387 1243 2212 3733 3099 3224 4571 4479 450 4373 503 2652
2058 4477 3730 1313 4538 719 2970 4373 2249 1888 99 3961 3164 2850 719 1583 417 4127 4867 819
449 1075 1814 3668 2090 3967 2940 1474 2711 829 2146 508 252 4014 1946 2058 491 291 1437 4974
3502 1169 2728 1647 2249 1888 4572 3887 4231 4181 9 1287 1531 1985 4101 4855 1651 552 4565 798
1605 646 2128 4068 4538 4572 185 3131 3887 2128 3120 823 245 2434 1117 3572 408 3086 3481 4041
449 2836 2 252 135 683 4000 1360 4705 4809 646 787 963 2191 4618 1295 4101 563 2445 2921
3502 4210 3658 4062 1607 2012 4037 3875 2108 3887 2128 4051 1819 3043 2372 4664 1710 506 2468 3362
1290 4261 2381 1462 506 15 2644 3685 3447 160 3379 4289 1031 4108 245 679 2713 1664 4152 2436
2457 840 4572 4900 1474 4292 1362 3887 2128 2729 4000 4653 82 3984 506 3902 2226 3682 3572 939
4680 3295 719 1244 2170 835 3163 3948 2966 999 503 3494 3303 4479 2760 409 1888 4987 2249 3656
3918 2728 1647 2249 4538 4253 3091 781 3387 1815 969 1815 2292 4524 4785 4524 1897 48 276 1946
4626 1688 4462 3430 2733 674 198 752 3039 3706 3415 1814 3668 1888 4837 4127 1356 4342 4844 2729
2227 4024 2347 137 728 1085 3358 233 4014 3034 2141 3216 4374 4723 4448 1184 2205 2436 3782 4081
3000 4960 2066 4078 923 4163 2108 2711 2711 252 552 390 1566 3315 508 4265 3130 2148 719 4855
1169 2680 2811 642 3158 1290 3099 4600 682 2089 1837 1851 2711 4840 3078 2414 48 3540 3831 1989
3532 2402 3532 2081 4127 4359 4181 1914 2108 3358 945 688 245 2226 3249 2137 454 3540 1289 44
449 130 719 963 2775 4000 4373 3767 1529 3961 1154 4987 4383 169 4948 3685 4668 503 2652 3575
2150 4101 4330 3115 4852 4900 1881 4769 4039 4451 76 1081 2304 4744 4508 631 4467 1888 642 506
2672 4276 1184 3752 480 4695 293 1144 1167 1241 1520 1975 3913 1426 2790 4315 817 665 314 3285
2205 4388 3915 3618 1414 3550 3705 3285 3902 725 2777 3116 2402 4014 819 4175 999 409 4710 823
3730 2437 441 4852 3550 3550 1851 1529 3874 2865 2942 378 2707 4766 433 4103 2504 4752 2300 2068
1989 254 2281 3377 378 4855 4496 4519 734 1240 1837 2179 4929 2676 552 1870 3057 3194 1597 1415
2136 173 3158 3706 2883 950 1474 3705 3622 4246 1989 4207 4930 4554 4273 119 1261 823 245 4664
3532 2402 1581 2728 1091 3319 1888 99 3425 2207 4538 1130 4673 485 1671 1071 1855 2583 2300 1758
3918 2728 1647 2249 4538 4253 3091 781 3387 1815 969 1815 4028 4524 4158 3706 3514 4000 4623 3829
3918 2728 1647 2249 4538 4253 3091 781 3387 1815 969 1815 2223 4028 4524 2533 2179 2478 4028 3514
1558 4194 408 1684 518 3300 3196 518 4769 3911 3163 1588 4900 252 4569 3920 2644 1179 4538 1410
449 1678 2284 2265 1165 3521 48 4000 3389 3874 3829 720 4954 1664 3763 1858 4071 909 3303 2760
449 2836 133 4323 720 4577 2760 378 3852 3135 4479 568 3705 331 247 3649 1226 2751 3502 2414
3918 2728 1647 2249 4538 4253 3091 781 3387 1815 969 455 665 4031 441 1416 3887 4804 1977 2010
999 4181 4489 2610 4496 1088 235 2711 4695 2657 3863 3256 734 3315 1780 4152 1040 4850 3666 4538
3477 1025 4204 130 2010 999 3285 1415 3652 2403 1772 8 3874 1492 4736 3785 3049 3977 2728 2500
3502 3200 2676 2081 4666 2015 4127 731 2942 4538 1977 4479 1994 503 2942 2136 4900 491 2468 775
3285 2263 2226 3572 2472 2287 3062 2371 889 54 4855 1346 2287 3565 611 1665 889 3887 238 3506
2657 669 262 2166 832 3918 3135 3285 3554 2136 4900 3161 233 3885 2402 1226 4538 3036 928 1814
4175 3390 2409 2191 909 3303 4916 1989 506 450 3362 3238 3606 2729 1416 1105 1480 2940 798 1977
838 4754 1365 96 4577 1646 2292 261 1785 1577 299 3169 2084 3490 4937 363 3572 1150 889 210
4626 1688 4462 1721 3607 2680 1522 719 3285 144 2076 1604 4345 250 4243 3161 233 3494 1884 4028
449 2836 2436 1577 3171 901 3507 454 963 1888 1123 2286 787 3514 1796 1924 1834 1125 851 1888
3918 2728 1647 2249 4538 4253 3091 781 3387 1815 969 1815 2292 4420 4031 4423 4564 3702 687 864
1382 15 1629 136 3540 1289 44 1752 2969 1664 4127 2265 3852 1305 3967 1691 3232 2777 3786 1873
3981 1814 1209 2644 764 4071 4758 450 1336 417 719 154 1138 4127 3119 1290 1025 3135 3514 2672
3918 2728 1647 2249 4538 4253 3091 781 3387 1815 969 1815 1007 4954 1419 3189 1588 40 1184 1068
3918 2728 1647 2249 4538 4253 3091 781 3387 1815 969 1815 2292 4420 292 1603 3376 3607 4152 3475
2649 687 3490 4988 570 1040 719 1431 4051 2312 4401 135 578 4241 1360 4947 1814 4127 276 40
99 752 3004 990 3238 1800 3981 315 15 1887 2729 2588 671 621 4318 4000 611 3562 719 629
3502 40 781 4838 4855 2469 4538 4168 64 3967 1146 4099 2937 3395 1566 4689 4519 2992 4477 3661
3256 687 4489 2068 2068 4564 1576 2693 2128 2652 130 3984 1674 1814 1664 135 1241 4867 819 4195
3866 404 838 2370 4071 4656 9 1474 1474 4992 1474 4602 4908 4983 998 998 164 43 2209 4656
3918 2728 1647 2249 4538 4253 3091 781 3387 1815 969 1815 4028 502 4101 1474 2335 2558 3138 2790
4477 480 4279 173 2728 1386 1684 2644 1885 1529 1365 2478 4994 3846 1973 2657 761 2644 371 3984
2644 4103 216 130 417 4053 4330 4618 1295 4957 2722 503 2652 135 2599 3134 677 720 3303 2760
2960 889 54 4855 695 99 3351 2091 789 3512 2248 4538 354 2013 2240 3211 2416 4215 4748 4362
1989 586 1339 2716 4737 1031 1577 4031 305 1089 3285 4175 3866 4963 3972 720 2136 1490 3946 4388
163 1545 4457 4181 1897 3692 1474 1360 210 688 245 3005 3852 4014 4323 4666 1521 1149 2720 2223
2212 712 9 245 446 1598 742 4608 1688 4462 1721 3217 4103 1785 4068 3607 4068 4538 3285 3554
3918 2728 1647 2249 4538 4253 3091 781 3387 1815 969 1815 2292 4420 969 3607 2985 4666 4720 4341
449 1678 2284 2265 1165 4312 3801 3948 2 3211 4476 2132 4128 1226 1474 4000 3543 1946 3211 2148
3866 1230 4020 2098 4840 2855 4181 3120 3532 1481 1933 2254 1651 3469 2790 678 1623 720 1989 3255
3532 2402 4889 1620 3656 1385 3234 4524 40 245 1757 2462 2711 1376 3256 4359 292 4582 1146 4464
137 752 3285 2608 314 2640 2084 503 2942 3303 4206 433 3550 26 731 2942 4538 2013 1164 2811
3481 4243 1603 4136 2874 3763 3607 130 3285 2263 2132 3741 3866 1199 2527 2733 4900 1184 838 2135
4998 1946 1101 135 313 578 3120 3918 119 2728 1647 2249 4538 4253 3091 781 3387 1815 969 1815
163 3918 4342 2281 2278 4865 3134 752 3120 4554 609 292 1758 4068 4538 278 3866 1870 3057 3906
2729 2707 2728 3540 4674 2578 1978 1664 752 1864 518 1198 2205 1482 4908 2941 2338 719 3563 1664
3918 2728 1647 2249 4538 4253 3091 781 3387 1815 969 1815 4028 4524 2533 250 1863 3285 829 1837
163 1101 1283 276 4175 3866 2030 1745 2205 795 3887 238 3506 49 682 4554 1565 4548 1493 3512
4998 3982 3997 1752 4158 220 1313 904 861 2084 2711 1031 3617 2292 261 586 342 411 2232 3083
4276 719 2139 371 4973 4538 4582 280 3550 3540 3267 2278 4363 2089 3540 2408 4855 2631 135 2478
3514 1169 4514 4538 1289 4666 4327 568 3786 3572 276 2191 2729 3874 753 3658 3829 4055 4207 4930
2976 2680 4037 3425 2659 4656 2798 3458 3694 1162 491 1885 1529 901 1182 4739 3982 3123 2880 2084
449 1758 4637 696 3866 1230 2253 1528 4359 2922 3982 4888 4817 4550 2708 254 2705 3879 3643 1261
99 3068 2437 4972 1664 1526 4538 2940 798 4528 4127 4007 2118 171 4637 417 2858 4031 2381 1117
1152 3469 3286 4071 3668 2840 2943 2911 3134 40 2205 3730 4332 3134 4207 998 4982 3260 725 2469
4964 752 3285 2728 1647 2249 4538 4253 3091 781 3387 1815 969 455 3099 1191 8 2212 1419 3765
3918 2728 1647 2249 4538 4253 3091 781 3387 1815 3075 2764 3524 2397 2861 2135 2782 999 2368 506
1622 1436 576 3217 1710 3614 4763 3918 3132 1011 4359 2068 2068 3918 3344 3135 3285 734 164 2068
1989 254 4243 3315 48 734 2213 424 4998 3068 2254 2278 48 2148 2921 135 4394 4151 4909 3540
2947 730 2281 1436 1474 4292 1883 417 597 904 4363 41 1548 3161 4152 3782 152 835 799 1865
4626 1688 4462 4346 1474 3911 293 4900 3927 4571 4479 300 3507 454 3984 867 4695 2281 3874 4553
3918 2728 1647 2249 4538 4253 3091 781 3387 1815 969 1815 2292 4420 632 183 3099 2537 1855 2456
3981 1040 1261 1240 1040 780 3744 1787 4538 3315 2911 4714 1290 4479 1994 2760 3786 825 4752 2858
4360 4736 466 1904 4711 3224 4855 3848 3887 4273 4528 3887 1403 3981 719 1287 1209 3550 3682 4311
3200 3180 4942 731 3918 2748 2436 2705 4707 506 4721 4435 1858 1989 4262 1888 2068 2066 2136 3524
2729 2588 4181 4479 4992 1474 731 4519 3276 3416 3315 1638 2150 1688 4832 2811 4168 1688 4502 1339
4538 4369 2601 2132 417 2858 3487 840 2737 2657 3155 4990 4373 578 3075 4207 3829 1117 378 2140
163 135 4586 570 2278 4051 4865 3309 719 4947 449 4947 3272 3489 3763 976 1109 1645 4988 731
1750 15 3416 1692 617 4544 3540 1088 1352 1665 2890 1664 1252 1873 4855 1784 1837 396 3550 2855
1152 3224 314 1370 3908 1785 4000 2769 3171 441 2588 3540 99 3530 378 3249 4210 245 3158 1193
2249 4538 458 1474 276 4014 4243 2375 3161 4207 1073 661 3284 1664 4942 2263 3640 136 4548 2278
4626 1688 4462 3430 4571 4758 2815 3984 2713 4405 4128 3161 233 3885 2402 1728 1605 552 1870 3057
3918 2728 1647 2249 4538 4253 3091 781 3387 1815 969 1815 2292 4420 4623 3730 2556 1121 2491 877
4998 1946 4913 3256 2012 4127 3972 1588 3502 4466 1769 1885 491 3764 293 641 3286 1664 4852 2200
4293 1828 2985 2939 1728 4392 1474 4010 2287 3171 4626 1994 2652 2942 3285 2286 503 2748 3540 2945
3918 2728 1647 2249 4538 4253 3091 781 3387 1815 969 1815 4028 4420 4519 1665 3075 1272 3215 4538
3981 1040 1261 4674 3735 3874 4882 1817 3927 3550 2179 4538 3727 491 331 130 4548 611 1310 1624
449 2836 1154 2095 304 4000 1548 4809 712 3078 4533 2437 2148 1577 3303 4852 2941 719 3398 1757
3390 3981 3940 3918 2711 1460 578 214 4330 4323 2908 3427 293 1244 2170 2084 1474 731 4099 506
3918 2728 1647 2249 4538 4253 3091 781 3387 1815 969 1815 2292 4420 2092 2802 3858 737 41 1852
4293 1828 3926 1226 670 4769 3911 3163 2713 3786 314 4163 2084 2711 3389 3171 609 1664 4763 164
4200 3887 1946 3377 417 719 3984 1555 3666 1888 2212 3560 1550 3366 3940 3611 734 164 3514 99
3000 1930 4538 1752 2969 761 1664 1385 1508 4524 40 1367 1429 4587 2211 3176 1757 2081 3099 385
163 3532 165 3926 2519 376 2068 2068 3918 2728 2401 3161 233 3494 1104 4577 998 4982 3260 725
137 480 2081 963 314 2711 1031 4014 1956 2 1187 4323 4891 1209 2563 2760 4988 1339 765 4000
3918 2728 1647 2249 4538 4253 3091 781 3387 1815 969 1815 1007 1809 2071 245 1088 1435 233 4723
4175 480 792 2213 433 4439 4175 4108 2811 3550 2179 378 2140 3744 2650 2126 378 1323 508 4265
3945 2814 4763 323 2902 2402 4175 4593 2890 1664 3870 3550 3550 3429 3458 3285 3798 3926 1474 3666
838 4754 1575 578 1989 314 4168 64 3285 4103 1977 252 552 356 4071 2081 4942 360 1251 2013
3502 4667 245 2664 146 1339 1865 2436 3512 417 1283 2728 4577 1646 2292 261 1785 417 719 378
163 4607 4243 3528 3473 390 2378 3285 566 1548 3981 137 261 1757 2895 2558 918 4855 2631 3550
9 3730 1888 3370 1085 3315 2226 285 4695 3540 92 3606 3826 3887 3189 3306 2054 4900 4869 245
4998 1946 4913 4987 4917 4068 291 731 4248 3504 4115 882 1664 780 4855 4373 2249 4538 4253 3091
4068 1143 752 1431 1870 2840 4586 1671 4363 4538 1130 2191 2424 731 491 2696 4538 1977 1088 1190
