68 45 80 29 52 23 12 10 16 42 74 75 5 70 21 82 6 1 22 81
32 44 53 8 17 30 26 0 3 38 65 72 33 49 13 71 18 57 62 63
1 41 71 18 122 123 124 125 126 76 14 39 50 58 68 45 80 29 52 23
68 45 80 29 52 23 12 10 16 42 74 75 5 70 21 82 22 81 7 1
81 40 35 20 31 43 53 8 17 30 26 0 3 38 65 72 33 49 13 71
50 58 68 45 80 29 52 23 12 10 16 42 74 75 5 70 21 82 22 81
48 11 2 4 24 162 163 13 60 46 79 28 51 55 67 76 14 39 50 58
79 28 51 55 67 76 14 39 50 58 68 45 80 29 52 23 12 10 16 42
14 39 50 58 68 45 80 29 52 23 12 10 16 42 74 75 5 70 21 82
24 155 156 13 60 46 79 28 51 55 67 76 14 39 50 58 68 45 80 29
3 38 65 72 33 49 13 71 18 57 62 63 66 6 1 9 15 36 69 84
0 3 38 65 72 33 49 13 71 18 57 62 63 66 9 15 36 69 84 7
26 0 3 38 65 72 33 49 13 71 18 57 62 63 66 6 1 9 15 36
67 76 14 39 50 58 68 45 80 29 52 23 12 10 16 42 74 75 5 70
24 162 163 13 60 46 79 28 51 55 67 76 14 39 50 58 68 45 80 29
122 123 126 76 14 39 50 58 68 45 80 29 52 23 12 10 16 42 74 75
82 22 81 7 1 41 35 20 31 43 53 8 17 30 26 0 3 38 65 72
50 58 68 45 80 29 52 23 12 10 16 42 74 75 5 70 21 82 22 81
50 58 68 45 80 29 52 23 12 10 16 42 74 75 5 70 21 82 6 1
79 28 51 55 67 76 14 39 50 58 68 45 80 29 52 23 12 10 16 42
67 76 14 39 50 58 68 45 80 29 52 23 12 10 16 42 74 75 5 70
51 55 67 76 14 39 50 58 68 45 80 29 52 23 12 10 16 42 74 75
80 29 52 23 12 10 16 42 74 75 5 70 21 82 22 81 7 1 41 35
76 14 39 50 58 68 45 80 29 52 23 12 10 16 42 74 75 5 70 21
50 58 68 45 80 29 52 23 12 10 16 42 74 75 5 70 21 82 22 81
58 68 45 80 29 52 23 12 10 16 42 74 75 5 70 21 82 22 81 7
43 53 8 17 30 26 0 3 38 65 72 33 49 13 71 18 57 62 63 66
76 14 39 50 58 68 45 80 29 52 23 12 10 16 42 74 75 5 70 21
80 29 52 23 12 10 16 42 74 75 5 70 21 82 140 1 22 81 40 35
32 44 141 8 17 30 26 0 3 38 65 72 33 49 13 71 18 57 62 63
121 49 13 71 18 122 123 124 125 126 76 14 39 50 58 68 45 80 29 52
4 24 162 163 13 60 46 79 28 51 55 67 76 14 39 50 58 68 45 80
76 14 39 50 58 68 45 80 29 52 23 12 10 16 42 74 75 5 70 21
4 24 103 13 104 60 46 79 28 51 55 67 76 14 39 50 58 68 45 80
24 162 163 13 60 46 79 28 51 55 67 76 14 39 50 58 68 45 80 29
79 28 51 55 67 76 14 39 50 58 68 45 80 29 52 23 12 10 16 42
55 67 76 14 39 50 58 68 45 80 29 52 23 12 10 16 42 74 75 5
44 141 8 17 30 26 0 3 38 65 72 33 49 13 71 18 57 62 63 66
67 76 14 39 50 58 68 45 80 29 52 23 12 10 16 42 74 75 5 70
4 24 155 156 13 60 46 79 28 51 55 67 76 14 39 50 58 68 45 80
43 53 8 17 30 26 0 3 38 65 72 33 49 13 71 18 57 62 63 66
49 13 71 18 122 123 124 125 126 76 14 39 50 58 68 45 80 29 52 23
67 76 14 39 50 58 68 45 80 29 52 23 12 10 16 42 74 75 5 70
103 13 104 60 46 79 28 51 55 67 76 14 39 50 58 68 45 80 29 52
13 104 60 46 79 28 51 55 67 76 14 39 50 58 68 45 80 29 52 23
68 45 80 29 52 23 12 10 16 42 74 75 5 70 21 82 157 1 22 81
0 3 38 65 72 33 49 13 71 18 122 123 124 125 126 76 14 39 50 58
103 13 104 60 46 79 28 51 55 67 76 14 39 50 58 68 45 80 29 52
121 49 13 71 18 122 123 124 125 126 76 14 39 50 58 68 45 80 29 52
46 79 28 51 55 67 76 14 39 50 58 68 45 80 29 52 23 12 10 16
49 13 60 46 79 28 51 55 67 76 14 39 50 58 68 45 80 29 52 23
24 103 13 104 60 46 79 28 51 55 67 76 14 39 50 58 68 45 80 29
76 14 39 50 58 68 45 80 29 52 23 12 10 16 42 74 75 5 70 21
13 104 60 46 79 28 51 55 67 76 14 39 50 58 68 45 80 29 52 23
50 58 68 45 80 29 52 23 12 10 16 42 74 75 5 70 111 112 9 15
58 68 45 80 29 52 23 12 10 16 42 74 75 5 70 21 82 140 1 22
67 76 14 39 50 58 68 45 80 29 52 23 12 10 16 42 74 75 5 70
80 29 52 23 12 10 16 42 74 75 5 70 21 82 22 81 7 1 41 35
32 44 53 8 17 30 26 0 3 38 65 72 33 49 13 71 18 57 62 63
50 58 68 45 80 29 52 23 12 10 16 42 74 75 5 70 21 82 140 1
0 3 38 65 72 33 49 13 71 18 57 62 63 66 6 1 9 15 36 69
22 81 7 1 41 35 20 31 43 53 8 17 30 26 0 3 38 65 72 33
14 39 50 58 68 45 80 29 52 23 12 10 16 42 74 75 5 70 21 82
122 123 124 125 126 76 14 39 50 58 68 45 80 29 52 23 12 10 16 42
76 14 39 50 58 68 45 80 29 52 23 12 10 16 42 74 75 5 70 21
80 29 52 23 12 10 16 42 74 75 5 70 21 82 157 1 22 81 40 35
55 67 76 14 39 50 58 68 45 80 29 52 23 12 10 16 42 74 75 5
152 153 154 2 4 24 155 156 13 60 46 79 28 51 55 67 76 14 39 50
58 68 45 80 29 52 23 12 10 16 42 74 75 5 70 21 82 6 1 22
50 58 68 45 80 29 52 23 12 10 16 42 74 75 5 70 21 82 22 81
55 67 76 14 39 50 58 68 45 80 29 52 23 12 10 16 42 74 75 5
67 76 14 39 50 58 68 45 80 29 52 23 12 10 16 42 74 75 5 70
30 26 0 3 38 65 72 33 49 13 71 18 57 62 63 66 6 1 9 15
13 71 18 122 123 124 125 126 76 14 39 50 58 68 45 80 29 52 23 12
67 76 14 39 50 58 68 45 80 29 52 23 12 10 16 42 74 75 5 70
44 53 8 17 30 26 0 3 38 65 72 33 49 13 71 18 57 62 63 66
4 24 155 156 13 60 46 79 28 51 55 67 76 14 39 50 58 68 45 80
67 76 14 39 50 58 68 45 80 29 52 23 12 10 16 42 74 75 5 70
48 11 2 4 24 103 13 104 60 46 79 28 51 55 67 76 14 39 50 58
30 26 162 163 13 60 46 79 28 51 55 67 76 14 39 50 58 68 45 80
80 29 52 23 12 10 16 42 74 75 5 70 111 112 9 15 36 69 113 21
50 58 68 45 80 29 52 23 12 10 16 42 74 75 5 70 21 82 22 81
49 13 71 18 122 123 124 125 126 76 14 39 50 58 68 45 80 29 52 23
68 45 80 29 52 23 12 10 16 42 74 75 5 70 21 82 157 1 22 81
26 0 3 38 65 72 33 49 13 71 18 57 62 63 66 9 15 36 69 84
23 12 10 16 42 74 75 5 70 21 82 22 81 7 1 41 35 20 31 43
44 53 8 17 30 26 0 3 38 65 72 33 49 13 71 18 57 62 63 66
53 68 45 80 29 52 23 12 10 16 42 74 75 5 70 21 82 6 1 22
44 53 8 17 30 26 0 3 38 65 72 33 49 13 71 18 57 62 63 66
28 51 55 67 76 14 39 50 58 68 45 80 29 52 23 12 10 16 42 74
3 38 65 72 33 49 13 71 18 57 62 63 66 9 15 36 69 84 7 1
68 45 80 29 52 23 12 10 16 42 74 75 5 70 21 82 22 81 7 1
46 79 28 51 55 67 76 14 39 50 13 71 18 57 62 63 66 6 1 9
23 12 10 16 42 74 75 5 70 21 82 22 81 7 1 41 35 20 31 43
28 51 55 67 76 14 39 50 58 68 45 80 29 52 23 12 10 16 42 74
48 14 39 50 58 68 45 80 29 52 23 12 10 16 42 74 75 5 70 21
23 12 10 16 42 74 75 5 70 111 112 9 15 36 69 113 21 81 7 1
67 76 14 39 50 58 68 45 80 29 52 23 12 10 16 42 74 75 5 70
14 39 50 58 68 45 80 29 52 23 12 10 16 42 74 75 5 70 21 82
67 76 14 39 50 58 68 45 80 29 52 23 12 10 16 42 74 75 5 70
46 79 28 51 55 67 76 14 39 50 58 68 45 80 29 52 23 12 10 16
49 13 60 46 79 28 51 55 67 76 14 39 50 58 68 45 80 29 52 23
22 81 7 1 41 35 20 31 43 53 8 17 30 26 0 3 38 65 72 33
55 67 76 14 39 50 58 68 45 80 29 52 23 12 10 16 42 74 75 5
67 76 14 39 50 58 68 45 80 29 52 23 12 10 16 42 74 75 5 70
17 30 26 0 3 38 65 72 33 49 13 71 18 57 62 63 66 6 1 9
39 50 58 68 45 80 29 52 23 12 10 16 42 74 75 5 70 21 82 157
67 76 14 39 50 58 68 45 80 29 52 23 12 10 16 42 74 75 5 70
49 13 60 46 79 28 51 55 67 76 14 39 50 58 68 45 80 29 52 23
21 82 22 81 7 1 41 35 20 31 43 53 8 17 30 26 0 3 38 65
48 11 2 4 24 109 110 13 60 46 79 28 51 55 67 76 14 39 50 58
76 14 39 50 58 68 45 80 29 52 23 12 10 16 42 74 75 5 70 21
42 74 75 5 70 21 82 6 1 22 81 40 35 20 31 43 53 8 17 30
41 35 20 31 43 53 8 17 30 26 0 3 38 65 72 33 49 13 71 18
50 58 68 45 80 29 52 23 12 10 16 42 74 75 5 70 21 82 22 81
152 153 154 2 4 24 155 156 13 60 46 79 28 51 55 67 76 14 39 50
32 44 141 8 17 30 26 0 3 38 65 72 33 49 13 71 18 57 62 63
14 39 50 58 68 45 80 29 52 23 12 10 16 42 74 75 5 70 21 82
55 67 76 14 39 50 58 68 45 80 29 52 23 12 10 16 42 74 75 5
152 153 154 2 4 24 155 156 13 60 46 79 28 51 55 67 76 14 39 50
50 58 68 45 80 29 52 23 12 10 16 42 74 75 5 70 21 82 22 81
3 38 65 72 33 49 13 71 18 57 62 63 66 9 15 36 69 84 7 1
39 50 58 68 45 80 29 52 23 12 10 16 42 74 75 5 70 21 82 140
39 50 58 68 45 80 29 52 23 12 10 16 42 74 75 5 70 21 82 6
1 41 35 20 31 43 53 8 17 30 26 0 3 38 65 72 33 49 13 71
50 58 68 45 80 29 52 23 12 10 16 42 74 75 5 70 21 82 22 81
13 104 60 46 79 28 51 55 67 76 14 39 50 58 68 45 80 29 52 23
39 50 58 68 45 80 29 52 23 12 10 16 42 74 75 5 70 21 82 157
0 3 38 65 72 33 49 13 71 18 57 62 63 66 6 1 9 15 36 69
50 58 68 45 80 29 52 23 12 10 16 42 74 75 5 70 21 82 140 1
55 67 76 14 39 50 58 68 45 80 29 52 23 12 10 16 42 74 75 5
26 0 3 38 65 72 33 49 13 71 18 57 62 63 66 6 1 9 15 36
0 3 38 65 72 33 49 13 71 18 57 62 63 66 6 1 9 15 36 69
1 41 35 20 31 43 53 8 17 30 26 0 3 38 65 72 33 49 13 71
103 13 60 46 79 28 51 55 67 76 14 39 50 58 68 45 80 29 52 23
48 11 2 4 24 162 163 13 60 46 79 28 51 55 67 76 14 39 50 58
152 153 154 2 4 24 155 156 13 60 46 79 28 51 55 67 76 14 39 50
42 74 75 5 70 21 82 22 81 7 1 41 35 20 31 43 53 8 17 30
51 55 67 76 14 39 50 58 68 45 80 29 52 23 12 10 16 42 74 75
4 24 155 156 13 60 46 79 28 51 55 67 76 14 39 50 58 68 45 80
48 11 2 4 24 103 13 104 60 46 79 28 51 55 67 76 14 39 50 58
23 12 10 16 13 71 18 122 123 124 125 126 76 14 39 50 58 68 45 80
55 67 76 14 39 50 58 68 45 80 29 52 23 12 10 16 42 74 75 5
121 49 13 71 18 122 123 124 125 126 76 14 39 50 58 68 45 80 29 52
58 68 45 80 29 52 23 12 10 16 42 74 75 5 70 21 82 22 81 7
48 11 2 4 24 109 110 13 60 46 79 28 51 55 67 76 14 39 50 58
39 50 58 68 45 80 29 52 23 12 10 16 42 74 75 5 70 21 82 22
13 71 18 122 123 124 125 126 76 14 39 50 58 68 45 80 29 52 23 12
1 41 35 20 31 43 53 8 17 30 26 0 3 38 65 72 33 49 13 71
76 14 39 50 58 68 45 80 29 52 23 12 10 16 42 74 75 5 70 21
68 45 80 29 52 23 12 10 16 42 74 75 5 70 21 82 22 81 7 1
51 55 67 76 14 39 50 58 68 45 80 29 52 23 12 10 16 42 74 75
32 44 141 8 17 30 26 0 3 38 65 72 33 49 13 71 18 57 62 63
26 0 3 38 65 72 33 49 13 71 18 57 62 63 66 9 15 36 69 84
3 38 65 72 33 49 13 71 18 57 62 63 66 6 1 9 15 36 69 84
121 49 13 71 18 122 123 124 125 126 76 14 39 50 58 68 45 80 29 52
78 48 11 2 4 24 162 163 13 60 46 79 28 51 55 67 76 14 39 50
48 11 2 4 24 103 13 133 134 60 46 79 28 51 55 67 76 14 39 50
121 49 13 71 18 122 123 124 125 126 76 14 39 50 58 68 45 80 29 52
60 46 79 28 51 55 67 76 14 39 50 58 68 45 80 29 52 23 12 10
157 1 22 81 40 35 20 32 44 53 8 17 30 26 0 3 38 65 72 33
42 74 75 5 70 21 82 22 81 7 1 41 35 20 31 43 53 8 17 30
3 38 65 72 33 49 13 71 18 57 62 63 66 6 1 9 15 36 69 84
44 53 8 17 30 26 0 3 38 65 72 33 49 13 71 18 57 62 63 66
152 153 154 2 4 24 155 156 13 60 46 79 28 51 55 67 76 14 39 50
53 8 17 30 26 0 3 38 65 72 33 49 13 71 18 57 62 63 66 6
32 44 141 8 17 30 26 0 3 38 65 72 33 49 13 71 18 57 62 63
49 13 60 46 79 28 51 55 67 76 14 39 50 58 68 45 80 29 52 23
55 67 76 14 39 50 58 68 45 80 29 52 23 12 10 16 42 74 75 5
71 18 122 123 124 125 126 76 14 39 50 58 68 45 80 29 52 23 12 10
58 68 45 80 29 52 23 12 10 16 42 74 75 5 70 21 82 22 81 7
49 13 60 46 79 28 51 55 67 76 14 39 50 58 68 45 80 29 52 23
26 0 3 38 65 72 33 49 13 71 18 57 62 63 66 9 15 36 69 84
50 58 68 45 80 29 52 23 12 10 16 42 74 75 5 70 21 82 22 81
46 79 28 51 55 67 76 14 39 50 58 68 45 80 29 52 23 12 10 16
41 35 20 31 43 53 8 17 30 26 0 3 38 65 72 33 49 13 71 18
80 29 52 23 12 10 16 42 74 75 5 70 21 82 22 81 7 1 41 35
79 28 51 55 67 76 14 39 50 58 68 45 80 29 52 23 12 10 16 42
67 76 14 39 50 58 68 45 80 29 52 23 12 10 16 42 74 75 5 70
43 53 8 17 30 26 0 3 38 65 72 33 49 13 71 18 57 62 63 66
46 79 28 51 55 67 76 14 39 50 58 68 45 80 29 52 23 12 10 16
50 58 68 45 80 29 52 23 12 10 16 42 74 75 5 70 111 112 9 15
3 38 65 72 33 49 13 71 18 57 62 63 66 6 1 9 15 36 69 84
14 39 50 58 68 45 80 29 52 23 12 10 16 42 74 75 5 70 21 82
14 39 50 58 68 45 80 29 52 23 12 10 16 42 74 75 5 70 21 82
81 21 82 22 81 7 1 41 35 20 31 43 53 8 17 30 26 0 3 38
41 35 20 31 43 53 8 17 30 26 0 3 38 65 72 33 49 13 71 18
157 1 22 81 40 35 20 31 43 53 8 17 30 26 0 3 38 65 72 33
48 11 2 4 24 109 110 13 60 46 79 28 51 55 67 76 14 39 50 58
55 67 76 14 39 50 58 68 45 80 29 52 23 12 10 16 42 74 75 5
81 40 35 20 31 43 53 8 17 30 26 0 3 38 65 72 33 49 13 71
11 2 4 24 162 163 13 60 46 79 28 51 55 67 76 14 39 50 58 68
50 58 68 45 80 29 52 23 12 10 16 42 74 75 5 70 21 82 157 1
48 11 2 4 24 155 156 13 60 46 79 28 51 55 67 76 14 39 50 58
0 3 38 65 72 33 49 13 71 18 57 62 63 66 6 1 9 15 36 69
55 67 76 14 39 50 58 68 45 80 29 52 23 12 10 16 42 74 75 5
14 39 50 58 68 45 80 29 52 23 12 10 16 42 74 75 5 70 21 82
14 39 50 58 68 45 80 29 52 23 12 10 16 42 74 75 5 70 21 82
50 58 68 45 80 29 52 23 12 10 16 42 74 75 5 70 21 82 6 1
50 58 68 45 80 29 52 23 12 10 16 42 74 75 5 70 21 82 22 81
42 74 75 5 70 21 82 157 1 22 81 40 35 20 32 44 141 8 17 30
50 58 68 45 80 29 52 23 12 10 16 42 74 75 5 70 111 112 9 15
39 50 58 68 45 80 29 52 23 12 10 16 42 74 75 5 70 21 82 22
67 76 14 39 50 58 68 45 80 29 52 23 12 10 16 42 74 75 5 70
14 39 50 58 68 45 80 29 52 23 12 10 16 42 74 75 5 70 21 82
42 74 75 5 70 111 112 9 15 36 69 113 21 81 7 1 41 35 20 31
44 141 8 17 30 26 0 3 38 65 72 33 49 13 71 18 57 62 63 66
79 28 51 55 67 76 14 39 50 58 68 45 80 29 52 23 12 10 16 42
122 123 124 125 126 76 14 39 50 58 68 45 80 29 52 23 12 10 16 42
24 103 13 60 46 79 28 51 55 67 76 14 39 50 58 68 45 80 29 52
30 26 0 3 38 65 72 33 49 13 71 18 57 62 63 66 6 1 9 15
68 45 80 29 52 23 12 10 16 42 74 75 5 70 21 82 157 1 22 81
58 68 45 80 29 52 23 12 10 16 42 74 75 5 70 21 82 6 1 22
1 41 35 20 31 43 53 8 17 30 26 0 3 38 65 72 33 49 13 71
28 51 55 67 76 14 39 50 58 68 45 80 29 52 23 12 10 16 42 74
0 3 38 65 72 33 49 13 71 18 57 62 63 66 6 1 9 15 36 69
24 103 13 104 60 46 79 28 51 55 67 76 14 39 50 58 68 45 80 29
55 67 76 14 39 50 58 68 45 80 29 52 23 12 10 16 42 74 75 5
13 104 60 46 79 28 51 55 67 76 14 39 50 58 68 45 80 29 52 23
67 76 14 39 50 58 68 45 80 29 52 23 12 10 16 42 74 75 5 70
30 26 0 3 38 65 72 33 49 13 71 18 57 62 63 66 6 1 9 15
122 123 124 125 126 76 14 39 50 58 68 45 80 29 52 23 12 10 16 42
39 50 58 68 45 80 29 52 23 12 10 16 42 74 75 5 70 21 82 157
50 58 68 45 80 29 52 23 12 10 16 42 74 75 5 70 21 82 22 81
146 21 82 22 81 7 1 41 35 20 31 43 53 8 17 30 26 0 3 38
76 14 39 50 58 68 45 80 29 52 23 12 10 16 42 74 75 5 70 21
48 11 2 4 24 109 110 13 60 46 79 28 51 55 67 76 14 39 50 58
3 38 65 72 33 49 13 71 18 57 62 63 66 9 15 36 63 66 6 1
121 49 13 71 18 122 123 124 125 126 76 14 39 50 58 68 45 80 29 52
55 67 76 14 39 50 58 68 45 80 29 52 23 12 10 16 42 74 75 5
39 50 58 68 45 80 29 52 23 12 10 16 42 74 75 5 70 21 82 140
24 103 13 104 60 46 79 28 51 55 67 76 14 39 50 58 68 45 80 29
83 13 71 18 122 123 124 125 126 76 14 39 50 58 68 45 80 29 52 23
60 46 79 28 51 55 67 76 14 39 50 58 68 45 80 29 52 23 12 10
38 65 72 33 49 13 71 18 57 62 63 66 6 1 9 15 36 69 84 7
39 50 58 68 45 80 29 52 23 12 10 16 42 74 75 5 70 21 82 22
68 45 80 29 52 23 12 10 16 42 74 75 5 70 21 82 6 1 22 81
43 53 8 17 30 26 0 3 38 65 72 33 49 13 71 18 57 62 63 66
58 68 45 80 29 52 23 12 10 16 42 74 75 5 70 21 82 140 1 22
4 24 38 65 72 33 49 13 71 18 57 62 63 66 9 15 36 69 84 7
50 58 68 45 80 29 52 23 12 10 16 42 74 75 5 70 111 112 9 15
121 49 13 71 18 122 123 124 125 126 76 14 39 50 58 68 45 80 29 52
68 45 80 29 52 23 12 10 16 42 74 75 5 70 21 82 22 81 7 1
41 35 20 31 43 53 8 17 30 26 0 3 38 65 72 33 49 13 71 18
39 50 58 68 45 80 29 52 23 12 10 16 42 74 75 5 70 111 125 126
55 67 76 14 39 50 58 68 45 80 29 52 23 12 10 16 42 74 75 5
24 155 156 13 60 46 79 28 51 55 67 76 14 39 50 58 68 45 80 29
152 153 154 2 4 24 155 156 13 60 46 79 28 51 55 67 76 14 39 50
14 39 50 58 68 45 80 29 52 23 12 10 16 42 74 75 5 70 21 82
71 18 122 123 124 125 126 76 14 39 50 58 68 45 80 29 52 23 12 10
51 55 67 76 14 39 50 58 68 45 80 29 52 23 12 10 16 42 74 75
39 50 58 68 45 80 29 52 23 12 10 16 42 74 75 5 70 111 112 9
60 46 79 28 51 55 67 76 14 39 55 67 76 14 39 50 58 68 45 80
49 13 60 46 79 28 51 55 67 76 14 39 50 58 68 45 80 29 52 23
0 3 38 65 72 33 49 13 71 18 57 62 63 66 6 1 9 15 36 69
58 68 45 80 29 52 23 12 10 16 42 74 75 5 70 21 82 6 1 22
48 11 2 4 132 13 70 21 82 157 1 22 81 40 35 20 31 43 53 8
115 129 130 62 7 1 41 35 20 31 43 53 8 17 30 26 0 3 38 65
1 41 35 20 31 43 53 8 17 30 26 0 3 38 65 72 33 49 13 71
4 24 109 110 13 60 46 79 28 51 55 67 76 14 39 50 58 68 45 80
41 35 20 32 44 141 8 17 30 26 0 3 38 65 72 33 49 13 71 18
55 67 76 14 39 50 58 68 45 80 29 52 23 12 10 16 42 74 75 5
157 1 22 81 40 35 20 31 43 53 8 17 30 26 0 3 38 65 72 33
23 12 10 16 42 74 75 5 70 21 82 22 81 7 1 41 35 20 31 43
67 76 14 39 50 58 68 45 80 29 52 23 12 10 16 42 74 75 5 70
67 76 14 39 50 58 68 45 80 29 52 23 12 10 16 42 74 75 5 70
49 13 71 18 122 123 124 125 126 76 14 39 50 58 68 45 80 29 52 23
13 104 60 46 79 28 51 55 67 76 14 39 50 58 68 45 80 29 52 23
50 58 68 45 80 29 52 23 12 10 16 42 74 75 5 70 21 82 157 1
68 45 80 29 52 23 12 10 16 42 74 75 5 70 21 82 22 81 7 1
3 38 65 72 33 49 13 71 18 57 62 63 66 9 15 36 69 84 7 1
82 22 81 7 1 41 35 20 31 43 53 8 17 30 26 0 3 38 65 72
51 55 67 76 14 39 50 58 68 45 80 29 52 23 12 10 16 42 74 75
0 3 38 65 72 33 49 13 71 18 57 62 63 66 9 15 36 69 84 7
1 41 35 20 31 43 53 8 17 30 26 0 3 38 65 72 33 49 13 71
14 39 50 58 68 45 80 29 52 23 12 10 16 42 74 75 5 70 21 82
157 1 22 81 40 35 20 31 43 53 8 17 30 26 0 3 38 65 72 33
44 53 8 17 30 26 0 3 38 65 72 33 49 13 71 18 57 62 63 66
14 39 50 58 68 45 80 29 52 23 12 10 16 42 74 75 5 70 21 82
162 163 13 60 46 79 28 51 55 67 76 14 39 50 58 68 45 80 29 52
60 46 79 28 51 55 67 76 14 39 50 58 68 45 80 29 52 23 12 10
67 76 14 39 50 58 68 45 80 29 52 23 12 10 16 42 74 75 5 70
76 14 39 50 58 68 45 80 29 52 23 12 10 16 42 74 75 5 70 21
76 14 39 50 58 68 45 80 29 52 23 12 10 16 42 74 75 5 70 21
50 58 68 45 80 29 52 23 12 10 16 42 74 75 5 70 21 82 157 1
156 13 60 46 79 28 51 55 67 76 14 39 50 58 68 45 80 29 52 23
39 50 58 68 45 80 29 52 23 12 10 16 42 74 75 5 70 111 112 9
67 76 14 39 50 58 68 45 80 29 52 23 12 10 16 42 74 75 5 70
1 41 35 20 31 43 53 8 17 30 26 0 3 38 65 72 33 49 13 71
3 38 65 72 33 68 45 80 29 52 23 12 10 16 42 74 75 5 70 21
76 14 39 50 58 68 45 80 29 52 23 12 10 16 42 74 75 5 70 21
39 50 58 68 45 80 29 52 23 12 10 16 42 74 75 5 70 21 82 22
23 12 10 16 42 74 75 5 70 21 82 157 1 22 81 7 1 41 35 20
152 110 13 60 46 79 28 51 55 67 76 14 39 50 58 68 45 80 29 52
67 76 14 39 50 58 68 45 80 29 52 23 12 10 16 42 74 75 5 70
58 68 45 80 29 52 23 12 10 16 42 74 75 5 70 21 82 157 1 22
14 39 50 58 68 45 80 29 52 23 12 10 16 42 74 75 5 70 21 82
13 71 18 122 123 124 125 126 76 14 39 50 58 68 45 80 29 52 23 12
0 3 38 65 72 33 49 13 71 18 57 62 63 66 6 1 9 15 36 69
50 58 68 45 80 29 52 23 12 10 16 42 74 75 5 70 21 82 22 81
55 67 76 14 39 50 58 68 45 80 29 52 23 12 10 16 42 74 75 5
14 39 50 58 68 45 80 29 52 23 12 10 16 42 74 75 5 70 21 82
121 49 13 71 18 122 123 124 125 126 76 14 39 50 58 68 45 80 29 52
49 13 60 46 79 28 51 55 67 76 14 39 50 58 68 45 80 29 52 23
43 105 8 17 30 26 0 3 38 65 72 33 49 13 71 18 57 62 63 66
13 104 60 46 79 28 51 55 67 76 14 39 50 58 68 45 80 29 52 23
14 39 50 58 68 45 80 29 52 23 12 10 16 42 74 75 5 70 21 82
146 21 82 22 81 7 1 41 35 20 31 43 53 8 17 30 26 0 3 38
53 8 17 30 26 0 3 38 65 72 33 49 13 71 18 57 62 63 66 6
109 110 13 60 46 79 28 51 55 67 76 14 39 50 58 68 45 80 29 52
51 55 67 76 14 39 50 58 68 45 80 29 52 23 12 10 16 42 74 75
79 28 51 55 67 76 14 39 50 58 68 45 80 29 52 23 12 10 16 42
122 123 124 125 126 76 14 39 50 58 68 45 80 29 52 23 12 10 16 42
68 45 80 29 52 23 12 10 16 42 74 75 5 70 21 82 6 1 22 81
122 123 124 125 126 76 14 39 50 58 68 45 80 29 52 23 12 10 16 42
81 40 35 20 31 43 53 8 17 30 26 0 3 38 65 72 33 49 13 71
24 155 156 13 60 46 79 28 51 55 67 76 14 39 50 58 68 45 80 29
58 68 45 80 29 52 23 12 10 16 42 74 75 5 70 21 82 22 81 7
76 14 39 50 58 68 45 80 29 52 23 12 10 16 42 74 75 5 70 21
60 46 79 28 51 55 67 76 14 39 50 58 68 45 80 29 52 23 12 10
3 38 65 72 33 49 13 71 18 57 62 63 66 6 1 9 15 36 69 84
58 68 45 80 29 52 23 12 10 16 42 74 75 5 70 21 82 6 1 22
67 76 14 39 50 58 68 45 80 29 52 23 12 10 16 42 74 75 5 70
58 68 45 80 29 52 23 12 10 16 42 74 75 5 70 21 82 22 81 7
58 68 45 80 29 52 23 12 10 16 42 74 75 5 70 21 82 6 1 22
157 1 22 81 40 35 20 31 43 53 8 17 30 26 0 3 38 65 72 33
103 13 104 60 46 79 28 51 55 67 76 14 39 50 58 68 45 80 29 52
68 45 80 29 52 23 12 10 16 42 74 75 5 70 21 82 22 81 7 1
1 41 35 20 31 43 53 8 17 30 26 0 3 38 65 72 33 49 13 71
13 104 60 46 79 28 51 55 67 76 14 39 50 58 68 45 80 29 52 23
51 55 67 76 14 39 50 58 68 45 80 29 52 23 12 10 16 42 74 75
60 46 79 28 51 55 67 76 14 39 50 58 68 45 80 29 52 23 12 10
71 18 122 123 124 125 126 76 14 39 50 58 68 45 80 29 52 23 12 10
30 26 0 3 38 65 72 33 49 13 71 18 57 62 63 66 9 15 36 69
146 21 82 122 123 124 125 126 76 14 39 50 58 68 45 80 29 52 23 12
109 110 13 60 46 79 28 51 55 67 67 76 14 39 50 58 68 45 80 29
80 29 52 23 12 10 16 42 74 75 5 70 21 82 22 81 7 1 41 35
53 8 17 30 26 0 3 38 65 16 42 74 75 5 70 111 112 9 15 36
68 45 80 29 52 23 12 10 16 42 74 75 5 70 21 82 6 1 22 81
55 67 76 14 39 50 58 68 45 80 29 52 23 12 10 16 42 74 75 5
32 44 141 8 17 30 26 0 3 38 65 72 33 49 13 71 18 57 62 63
103 13 104 60 46 79 28 51 55 67 76 14 39 50 58 68 45 80 29 52
44 141 8 17 30 26 0 3 38 65 72 33 49 13 71 18 57 62 63 66
0 3 38 65 72 33 49 13 71 18 57 62 63 66 9 15 36 69 84 7
80 29 52 23 12 10 16 42 74 75 5 70 21 82 157 1 22 81 40 35
68 45 80 29 52 23 12 10 16 42 74 75 5 70 21 82 22 81 7 1
48 11 2 4 24 162 163 13 60 46 79 28 51 55 67 76 14 39 50 58
3 38 65 72 33 49 13 71 18 57 62 63 66 6 1 9 15 36 69 84
80 29 68 45 80 29 52 23 12 10 16 42 74 75 5 70 21 82 22 81
71 18 122 123 124 125 126 76 14 39 50 58 68 45 80 29 52 23 12 10
50 58 68 45 80 29 52 23 12 10 16 42 74 75 5 70 21 82 6 1
50 58 68 45 80 29 52 23 12 10 16 42 74 75 5 70 111 112 9 15
55 67 76 14 39 50 58 68 45 80 29 52 23 12 10 16 42 74 75 5
122 123 124 125 126 76 14 39 50 58 68 45 80 29 52 23 12 10 16 42
13 104 60 46 79 28 51 55 67 76 14 39 50 58 68 45 80 29 52 23
13 104 60 46 79 28 51 55 67 76 14 39 50 58 68 45 80 29 52 23
46 79 28 51 55 67 76 14 39 50 58 68 45 80 29 52 23 12 10 16
46 79 28 51 55 67 76 14 39 50 58 68 45 80 29 52 23 12 10 16
82 22 81 7 1 41 35 20 31 43 53 8 17 30 26 0 3 38 65 72
58 68 45 80 29 52 23 12 10 16 42 74 75 5 70 21 82 22 81 7
55 67 76 14 39 50 58 68 45 80 29 52 23 12 10 16 42 74 75 5
49 13 60 46 79 28 51 55 67 76 14 39 50 58 68 45 80 29 52 23
68 45 80 29 52 23 12 10 16 42 74 75 5 70 21 82 22 81 7 1
51 55 67 76 14 39 50 58 68 45 80 29 52 23 12 10 16 42 74 75
24 155 156 13 60 46 79 28 51 55 67 76 14 39 50 58 68 45 80 29
39 50 58 68 45 80 29 52 23 12 10 16 42 74 75 5 70 21 82 6
13 104 60 46 79 28 51 55 67 76 14 39 50 58 68 45 80 29 52 23
67 76 14 39 50 58 68 45 80 29 52 23 12 10 16 42 74 75 5 70
81 40 35 20 31 43 53 8 17 30 26 0 3 38 65 72 33 49 13 71
48 11 2 4 24 162 163 13 60 46 79 28 51 55 67 76 14 39 50 58
67 76 14 39 50 58 68 45 80 29 52 23 12 10 16 42 74 75 5 70
53 8 17 30 26 0 3 38 65 72 33 49 13 71 18 57 62 63 66 6
24 103 13 104 60 46 79 28 51 55 67 76 14 39 50 58 68 45 80 29
55 67 76 14 39 50 58 68 45 80 29 52 23 12 10 16 42 74 75 5
76 14 39 50 58 68 45 80 29 52 23 12 10 16 42 74 75 5 70 21
68 45 80 29 52 23 12 10 16 42 74 75 5 70 21 82 140 1 22 81
26 0 3 38 65 72 33 49 13 71 18 57 62 63 66 6 1 9 15 36
50 58 68 45 80 29 52 23 12 10 16 42 74 75 5 70 21 82 22 81
75 5 70 21 82 6 1 22 81 7 1 41 35 20 31 43 53 8 17 30
53 8 17 30 26 0 3 38 65 72 33 49 13 71 18 57 62 63 66 6
67 76 14 39 50 58 68 45 80 29 52 23 12 10 16 42 74 75 5 70
68 45 80 29 52 23 12 10 16 42 74 75 5 70 21 82 22 81 7 1
51 55 67 76 14 39 50 58 68 45 80 29 52 23 12 10 16 42 74 75
82 22 81 7 1 41 35 20 31 43 53 8 17 30 26 0 3 38 65 72
156 13 60 46 79 28 51 55 67 76 14 39 50 58 68 45 80 29 52 23
13 104 60 46 79 28 51 55 67 76 14 39 50 58 68 45 80 29 52 23
67 76 14 39 50 58 68 45 80 29 52 23 12 10 16 42 74 75 5 70
50 58 68 45 80 29 52 23 12 10 16 42 74 75 5 70 21 82 22 81
68 45 80 29 52 23 12 10 16 42 74 75 5 70 21 82 22 81 7 1
55 67 76 14 39 50 58 68 45 80 29 52 23 12 10 16 42 74 75 5
0 3 38 65 72 33 49 13 71 18 57 62 63 66 6 1 9 15 36 69
44 53 8 17 30 26 0 3 38 65 72 33 49 13 71 18 57 62 63 66
0 3 38 65 72 33 49 13 71 18 57 62 63 66 6 1 9 15 36 69
3 38 65 72 33 49 13 71 18 57 62 63 66 6 1 9 15 36 69 84
68 45 80 29 52 23 12 10 16 42 74 75 5 70 21 82 22 81 7 1
76 14 39 50 58 68 45 80 29 52 23 12 10 16 42 74 75 5 70 21
67 76 14 39 50 58 68 45 80 29 52 23 12 10 16 42 74 75 5 70
49 13 71 18 122 123 124 125 126 76 14 39 50 58 68 45 80 29 68 45
121 49 13 71 18 122 123 124 125 126 76 14 39 50 58 68 45 80 29 52
157 1 22 81 40 35 20 31 43 53 8 17 30 26 0 3 38 65 72 33
23 12 10 16 42 74 75 5 70 21 82 157 1 22 81 40 35 20 31 43
42 74 75 5 70 21 82 22 81 7 1 41 35 20 31 43 53 8 17 30
79 28 51 55 67 76 14 39 50 58 68 45 80 29 52 23 12 10 16 42
75 5 70 21 82 122 123 124 125 126 76 14 39 50 58 68 45 80 29 52
39 50 58 68 45 80 29 52 23 12 10 75 5 70 111 112 9 15 36 69
3 38 65 72 33 49 13 71 18 57 62 63 66 6 1 9 15 36 69 84
51 55 67 76 14 39 50 58 68 45 80 29 52 23 12 10 16 42 74 75
3 38 65 72 33 49 13 71 18 57 62 63 66 9 15 36 69 84 7 1
1 41 38 65 72 33 49 13 71 18 57 62 63 66 6 1 9 15 36 69
60 46 79 28 51 55 67 76 14 39 50 58 68 45 80 29 52 23 12 10
55 67 76 14 39 50 58 68 45 80 29 52 23 12 10 16 42 74 75 5
152 153 154 2 4 24 155 156 13 60 46 79 28 51 55 67 76 14 39 50
1 41 35 20 31 32 44 141 8 17 30 26 0 3 38 65 72 33 49 13
152 153 154 2 4 24 155 156 13 60 46 79 28 51 55 67 76 14 39 50
67 76 14 39 50 58 68 45 80 29 52 23 12 10 16 42 74 75 5 70
58 68 45 80 29 52 23 12 10 16 42 74 75 5 70 21 82 157 1 22
58 68 45 80 29 52 23 12 10 16 42 74 75 5 70 21 82 140 1 22
60 46 79 28 51 55 67 76 14 39 50 58 68 45 80 29 52 23 12 10
8 17 30 26 0 3 38 65 72 33 49 13 71 18 57 62 63 66 6 1
152 153 154 2 4 24 155 156 13 60 46 79 28 51 55 67 76 14 39 50
50 58 68 45 80 29 52 23 12 10 16 42 74 75 5 70 21 82 157 1
48 11 2 4 24 162 163 13 60 46 79 28 51 55 67 76 14 39 50 58
80 29 52 23 12 10 16 42 74 75 5 70 21 82 157 1 22 81 40 35
46 79 28 51 55 67 76 14 39 50 58 68 45 80 29 52 23 12 10 16
24 103 13 104 60 46 79 28 51 55 67 76 14 39 50 58 68 45 80 29
13 104 60 46 79 28 51 55 67 76 14 39 50 58 68 45 80 29 52 23
50 58 68 45 80 29 52 23 12 10 16 42 74 75 5 70 21 82 140 1
35 20 31 43 53 8 17 30 26 0 3 38 65 72 33 49 13 71 18 57
76 14 39 50 58 68 45 80 29 52 23 12 10 16 42 74 75 5 70 21
55 67 76 14 39 50 58 68 45 80 29 52 23 12 10 16 42 74 75 5
13 71 18 122 123 124 125 126 76 14 39 50 58 68 45 80 29 52 23 12
50 58 68 45 80 29 52 23 12 10 16 42 74 75 5 70 21 82 22 81
3 38 65 72 33 49 13 71 18 57 62 63 66 6 1 9 15 36 69 84
80 29 52 23 12 10 16 42 74 75 5 70 21 82 22 81 7 1 41 35
50 58 68 45 80 29 52 23 12 10 16 42 74 75 5 70 21 82 22 81
1 41 35 20 31 43 53 8 17 30 26 0 3 38 65 72 33 49 13 71
53 8 17 30 26 0 3 38 65 72 33 49 13 71 18 57 62 63 66 6
14 39 50 58 68 45 80 29 52 23 12 10 16 42 74 75 5 70 21 82
67 76 14 39 50 58 68 45 80 29 52 23 12 10 16 42 74 75 5 70
39 50 58 68 45 80 29 52 23 12 10 16 42 74 75 5 70 21 82 22
50 58 68 45 80 29 52 23 12 10 16 42 74 75 5 70 21 82 22 81
51 55 67 76 14 39 50 58 68 45 80 29 52 23 12 10 16 42 74 75
44 53 8 17 30 26 0 3 38 65 72 33 49 13 71 18 57 62 63 66
21 82 22 81 7 1 41 35 20 31 43 53 8 17 30 26 0 3 38 65
13 104 60 46 79 28 51 55 67 76 14 39 50 58 68 45 80 29 52 23
67 76 14 39 50 58 68 45 80 29 52 23 12 10 16 42 74 75 5 70
67 76 14 39 50 58 68 45 80 29 52 23 12 10 16 42 74 75 5 70
121 49 13 71 18 122 123 124 125 126 76 14 39 50 58 68 45 80 29 52
