18 217 57 60 245 36 68 210 65 42 188 151 23 116 55 40 30 123 127 32
59 179 36 98 156 124 110 19 115 49 95 67 105 204 285 352 385 219 268 254
108 161 18 217 57 60 245 36 68 210 65 42 188 151 23 116 55 40 30 123
18 217 57 60 245 36 68 210 65 42 188 151 23 116 55 40 30 123 127 32
50 427 108 161 18 217 57 60 245 36 68 210 65 42 188 151 23 116 55 40
179 36 98 156 124 110 19 115 49 95 67 105 204 285 352 385 219 268 254 268
108 113 17 180 58 59 179 36 98 156 124 110 19 115 49 95 67 105 204 285
108 161 18 217 57 60 245 36 68 210 65 42 188 151 23 116 55 40 30 123
108 113 17 180 58 59 179 36 98 156 124 110 19 115 49 95 67 105 204 285
179 36 98 156 124 110 19 115 49 95 67 105 204 285 352 385 219 268 254 268
18 217 57 60 245 36 68 210 65 42 188 151 23 116 55 40 30 123 127 32
59 179 36 98 156 124 110 19 115 49 95 67 105 204 285 352 385 219 268 254
18 217 57 60 245 36 68 210 65 42 188 151 23 116 55 40 30 123 127 32
17 180 58 59 179 36 98 156 124 110 146 347 301 372 408 329 204 285 352 385
17 180 58 59 179 36 98 156 124 110 19 115 49 95 67 105 204 285 352 385
50 427 108 161 18 217 57 60 245 36 68 210 65 42 188 151 23 116 55 40
108 161 18 217 57 60 245 36 68 210 65 42 188 151 23 116 55 40 30 123
17 180 58 59 179 36 98 156 124 110 19 115 49 95 67 105 204 285 352 385
59 179 36 98 156 124 110 19 115 49 95 67 105 204 285 352 385 219 268 254
108 113 17 180 58 59 179 36 98 156 124 110 19 115 49 95 67 105 204 285
17 180 58 59 179 36 98 156 124 110 19 115 49 95 67 105 204 285 352 385
18 217 57 60 245 36 68 210 65 42 188 151 23 116 55 40 30 123 127 32
18 217 57 60 245 36 68 210 65 42 188 151 23 116 55 40 30 123 127 32
18 217 57 60 245 36 68 210 65 42 188 151 23 116 55 40 30 123 127 32
179 36 98 156 124 110 19 115 49 95 67 105 204 285 352 385 219 268 254 268
179 36 98 156 124 110 19 115 49 95 67 105 204 285 352 385 219 268 254 268
108 161 18 217 57 60 245 36 68 210 65 42 188 151 23 116 55 40 30 123
108 113 17 180 58 59 179 36 98 156 124 110 19 115 49 95 67 105 204 285
108 113 17 180 58 59 179 36 98 156 124 110 19 115 49 95 67 105 204 285
108 179 36 98 156 124 110 19 115 49 95 67 105 204 285 352 385 219 268 254
50 427 108 161 18 217 57 60 245 36 68 210 65 42 188 151 23 116 55 40
108 161 18 217 57 60 245 36 68 210 65 42 188 151 23 116 55 40 30 123
179 36 98 156 124 110 19 115 49 95 67 105 204 285 352 385 219 268 254 268
180 58 59 179 36 98 156 124 110 19 115 49 95 67 105 204 285 352 385 219
50 427 108 161 18 217 57 60 245 36 68 210 65 42 188 151 23 116 55 40
180 58 59 179 36 98 156 124 110 19 115 49 95 67 105 204 285 352 385 219
108 161 18 217 57 60 245 36 68 210 65 42 188 151 23 116 55 40 30 123
108 113 17 180 58 59 179 36 98 156 124 110 19 115 49 95 67 105 204 285
179 36 98 156 124 110 19 115 49 95 67 105 204 285 352 385 219 268 254 268
50 427 108 161 18 217 57 60 245 36 68 210 65 42 188 151 23 116 55 40
108 113 17 180 58 59 179 36 98 156 124 110 19 115 49 95 67 105 204 285
50 427 108 161 36 99 156 124 110 19 115 49 95 67 105 204 285 352 385 219
17 180 58 59 179 36 98 156 124 110 19 115 49 95 67 105 204 285 352 385
108 113 17 180 58 59 179 36 98 156 124 110 19 115 49 95 67 105 204 285
17 180 58 59 179 36 98 156 124 110 19 115 49 95 67 105 204 285 352 385
108 113 17 180 58 59 179 36 98 156 124 110 19 115 49 95 67 105 204 285
108 161 18 217 57 60 245 36 68 210 65 42 188 151 23 116 55 40 30 123
108 113 17 180 58 59 179 36 98 156 124 110 19 115 49 95 67 105 204 285
50 427 108 161 18 217 57 60 245 36 68 210 65 42 188 151 23 116 55 40
179 36 98 156 124 110 19 115 49 95 67 105 204 285 352 385 219 268 254 268
108 113 17 180 58 59 179 36 98 156 124 110 19 115 49 95 67 105 204 285
108 161 18 217 57 60 245 36 68 210 65 42 188 151 23 116 55 40 30 123
108 161 18 217 57 60 245 36 68 210 65 42 188 151 23 116 55 40 30 123
18 217 57 60 245 36 68 210 65 42 188 151 23 116 55 40 30 123 127 32
179 36 98 156 124 110 19 115 49 95 67 105 204 285 352 385 219 268 254 36
59 179 36 98 156 124 110 19 115 49 95 67 105 204 285 352 385 219 268 254
18 217 57 60 245 36 68 210 268 254 268 254 268 475 427 414 285 352 385 219
17 180 58 59 179 36 98 156 124 110 19 115 49 132 196 225 299 340 353 308
179 36 98 156 124 110 19 115 49 95 67 105 204 285 352 385 219 268 254 268
18 217 57 60 245 36 68 210 65 42 188 151 23 116 55 40 30 123 127 32
50 427 108 161 18 217 57 60 245 36 68 210 65 42 188 151 23 116 55 40
50 427 108 113 17 180 58 59 179 36 98 156 124 110 19 115 49 95 67 105
50 427 108 161 18 217 57 60 245 36 68 210 65 42 188 151 23 116 55 40
50 427 108 161 18 217 57 60 245 36 68 210 65 42 188 151 23 116 55 40
17 180 58 59 179 36 98 156 124 110 19 115 49 95 67 105 204 285 352 385
108 113 17 180 58 59 179 36 98 156 124 110 19 115 49 95 67 105 204 285
18 217 57 60 245 36 68 210 65 42 188 151 23 116 55 40 30 123 127 32
179 36 98 156 124 110 19 115 49 95 67 105 204 285 352 385 219 268 254 268
59 179 36 98 156 124 110 19 115 49 95 67 105 204 285 352 385 219 268 254
17 179 36 98 156 124 110 19 115 49 95 67 105 204 285 352 385 219 268 254
18 217 57 60 245 36 68 210 65 42 188 151 23 116 55 40 30 123 127 32
59 179 36 98 156 124 110 19 115 49 95 67 105 204 285 352 385 219 268 254
108 161 18 217 57 60 245 36 68 210 65 42 188 151 23 116 55 40 30 123
180 58 59 179 36 98 156 124 110 19 115 49 95 67 105 204 285 352 385 219
50 427 108 161 18 217 57 60 245 36 68 210 65 42 188 151 23 116 55 40
180 58 59 179 36 98 156 124 110 19 115 49 95 67 105 204 285 352 385 219
180 58 59 179 36 98 156 124 110 19 115 49 95 67 105 204 285 352 385 219
179 36 98 156 124 110 19 115 49 95 67 105 204 285 352 385 219 268 254 268
18 217 57 60 245 36 68 210 65 42 188 151 23 116 55 40 30 123 127 32
18 217 57 60 245 36 68 210 65 42 188 151 23 116 55 40 30 123 127 32
17 180 58 59 179 36 98 156 124 110 19 115 49 95 67 105 204 285 352 385
17 180 58 59 179 36 98 156 124 110 19 115 49 95 67 105 204 285 352 385
50 427 108 161 18 217 57 60 245 36 68 210 65 42 188 151 23 116 55 40
17 180 58 59 179 36 98 156 124 110 19 115 49 95 67 105 204 285 352 385
18 217 57 60 245 36 68 210 65 42 188 151 23 116 55 40 30 123 127 32
17 180 58 59 179 36 98 156 124 110 19 115 49 95 67 105 204 285 352 385
17 180 58 59 179 36 98 156 124 110 19 115 49 95 67 105 204 285 352 385
17 180 58 59 179 36 98 156 124 110 19 115 49 95 67 105 204 285 210 65
18 217 57 60 245 36 68 210 65 42 188 151 23 116 55 40 30 123 127 32
17 180 58 59 179 36 98 156 124 110 19 115 49 95 67 105 204 285 352 385
18 217 57 60 245 36 68 210 65 42 188 151 23 116 55 40 30 123 127 32
108 161 18 217 57 60 245 36 68 210 65 42 188 151 23 116 55 40 30 123
59 179 36 98 156 124 110 19 115 49 95 67 105 204 285 352 385 219 268 254
18 217 57 60 245 36 68 210 65 42 188 151 23 116 55 40 30 123 127 32
180 58 59 179 36 98 156 124 110 19 115 49 95 67 105 204 285 352 385 219
50 427 108 161 18 217 57 60 245 36 68 210 65 42 188 151 23 116 55 40
179 36 98 156 124 110 19 115 49 95 67 105 204 285 352 385 219 268 254 268
17 180 58 59 179 36 98 156 124 110 19 115 49 95 67 105 204 285 352 385
108 113 17 180 58 59 179 36 98 156 124 110 19 115 49 95 67 105 204 285
50 427 108 161 18 217 57 60 245 36 68 210 65 42 188 151 23 116 55 40
18 217 57 60 245 36 68 210 65 42 188 151 23 116 55 40 30 123 127 32
18 217 57 60 245 36 68 210 65 42 188 151 23 116 55 40 30 123 127 32
108 113 17 180 58 59 179 36 98 156 124 110 19 115 49 95 67 105 204 285
17 180 58 59 179 36 98 156 124 110 19 115 49 95 67 105 204 285 352 385
59 179 36 98 156 124 110 19 115 49 95 67 105 204 285 352 385 219 268 254
18 217 57 60 245 36 68 210 65 42 188 151 23 116 55 40 30 123 127 32
179 36 98 156 124 110 19 115 49 95 67 105 204 285 352 385 219 268 254 268
18 217 57 60 245 36 68 210 65 42 188 151 23 116 55 40 30 123 127 32
17 179 36 98 156 124 110 19 115 49 95 67 105 204 285 352 385 219 268 254
179 36 98 156 124 110 19 115 49 95 67 105 204 285 352 385 219 268 254 268
108 113 17 180 58 59 179 36 98 156 124 110 19 115 49 95 67 105 204 285
18 217 57 60 245 36 68 210 65 42 188 151 23 116 55 40 30 123 127 32
18 217 57 60 245 36 68 210 65 42 188 151 23 116 55 40 30 123 127 32
179 36 98 156 124 110 19 115 49 95 67 105 204 285 352 385 219 268 254 268
108 161 18 217 57 60 245 36 68 210 65 42 188 151 23 116 55 40 30 123
59 179 36 98 156 124 110 19 115 49 95 67 105 204 285 352 385 219 268 254
180 58 59 179 36 98 156 124 110 19 115 49 95 67 105 204 285 352 385 219
17 180 58 59 179 36 98 156 124 110 19 115 49 95 67 105 204 285 352 385
179 36 98 156 124 110 19 115 49 95 67 105 204 285 352 385 219 268 254 268
18 217 57 60 245 36 98 156 124 110 19 115 49 95 67 105 204 285 352 385
50 427 108 161 18 217 57 60 245 36 68 210 65 42 188 151 23 116 55 40
59 179 36 98 156 124 110 19 115 49 95 67 105 204 285 352 385 219 268 254
108 113 17 180 58 59 179 36 98 156 124 110 19 115 49 95 67 105 204 285
108 113 17 180 58 59 179 36 98 156 124 110 19 115 49 95 67 105 204 285
17 180 58 59 179 36 98 156 124 110 19 115 49 95 67 105 204 285 352 385
18 217 57 60 245 36 68 210 65 42 188 151 23 116 55 40 30 123 127 32
18 217 57 60 245 36 68 210 65 42 188 151 23 116 55 40 30 123 127 32
110 19 115 49 95 67 105 204 285 352 385 219 268 254 268 254 268 254 268 352
50 427 108 161 18 217 57 60 245 36 68 210 65 42 188 151 23 116 55 40
108 113 17 180 58 59 179 36 98 156 124 110 19 115 49 95 67 105 204 285
108 161 17 180 58 59 179 36 98 156 124 110 19 115 49 95 67 105 204 285
50 427 108 161 18 217 57 60 245 36 68 210 65 42 188 151 23 116 55 40
59 179 36 98 156 124 110 19 115 49 95 67 105 204 285 352 385 219 268 254
108 113 17 180 58 59 179 36 98 156 124 110 19 115 49 95 67 105 204 285
179 36 98 156 124 110 19 115 49 95 67 105 204 285 352 385 219 268 254 268
108 161 18 217 57 60 245 36 68 210 65 42 188 151 23 116 55 40 30 123
180 58 59 179 36 98 156 124 110 19 115 49 95 67 105 204 285 352 385 219
427 108 113 17 180 58 59 179 36 98 156 124 110 19 115 49 95 67 105 204
59 179 36 98 156 124 110 19 115 49 95 67 105 204 285 352 385 219 268 254
108 161 18 217 57 60 245 36 68 210 65 42 188 151 23 116 55 40 30 123
108 161 18 217 57 60 245 36 68 210 65 42 188 151 23 116 55 40 30 123
17 180 58 59 179 36 98 156 124 110 19 115 49 95 67 105 204 285 352 385
108 161 18 217 57 60 245 36 68 210 65 42 188 151 23 116 55 40 30 123
179 36 68 210 65 42 188 151 23 116 55 40 30 123 127 32 128 50 427 108
108 113 17 180 58 59 179 36 98 156 124 110 19 115 49 95 67 105 204 285
18 217 57 60 245 36 68 210 65 42 188 151 23 116 55 40 30 123 127 32
108 113 17 180 58 59 179 36 98 156 124 110 19 115 49 95 67 105 204 285
17 180 58 59 179 36 98 156 124 110 19 115 49 95 67 105 204 285 352 385
108 161 18 217 57 60 245 36 68 210 65 42 188 151 23 116 55 40 30 123
18 217 57 60 245 36 68 210 65 42 188 151 23 116 55 40 30 123 127 32
179 36 98 156 124 110 19 115 49 95 67 105 204 285 352 385 219 268 254 268
108 113 17 180 58 59 179 36 98 156 124 110 19 115 49 95 67 105 204 36
108 113 17 180 58 59 179 36 98 156 124 110 19 115 49 95 67 105 204 285
179 36 98 156 124 110 19 115 49 95 67 105 204 285 352 385 219 268 254 268
17 180 58 59 179 36 98 156 124 110 19 115 49 95 67 105 204 285 352 385
108 161 18 217 57 60 245 36 68 210 65 42 188 151 23 116 55 40 30 123
17 180 58 59 179 36 98 156 124 110 19 115 49 95 67 105 204 285 352 385
179 36 98 156 124 110 19 115 49 95 67 105 204 285 352 385 219 268 254 268
108 161 18 217 57 60 245 36 68 210 65 42 188 151 23 116 55 40 30 123
18 217 57 60 245 36 68 210 65 42 188 151 23 116 55 40 30 123 127 32
17 180 58 59 179 36 98 156 124 110 19 115 49 95 67 105 204 285 352 385
59 179 36 98 156 124 110 19 115 49 95 67 105 204 285 352 385 219 268 254
18 217 57 60 245 36 68 210 65 42 188 151 23 116 55 40 30 123 127 32
50 108 161 18 217 57 60 245 36 68 210 65 42 188 151 23 116 55 40 30
180 58 59 179 36 98 156 124 110 19 115 49 95 67 105 204 285 352 385 219
108 113 17 180 58 59 179 36 98 156 124 110 19 115 49 95 67 105 204 285
108 113 17 180 58 59 179 36 98 156 124 110 19 115 49 95 67 105 204 285
18 217 57 60 245 36 68 210 65 42 188 151 23 116 55 40 30 123 127 32
59 179 36 98 156 124 110 19 115 49 95 67 105 204 285 352 385 219 268 254
180 58 59 179 36 98 156 124 110 19 115 49 95 67 105 204 285 352 385 219
108 113 17 180 58 59 179 36 98 156 124 110 19 115 49 95 67 105 204 285
17 180 58 59 179 36 98 156 124 110 19 115 49 95 67 105 204 285 352 385
108 113 17 180 58 59 179 36 98 156 124 110 19 115 49 95 67 105 204 285
108 113 17 180 58 59 179 36 98 156 124 110 19 115 49 95 67 105 204 285
179 36 98 156 124 110 19 115 49 95 67 105 204 285 352 385 219 268 254 268
179 36 98 156 124 110 19 115 49 95 67 105 204 285 352 385 219 268 254 268
13 26 29 64 126 32 101 50 427 108 161 18 217 57 60 245 36 68 210 65
50 427 108 161 18 217 57 60 245 36 68 210 65 42 188 151 23 116 55 40
108 161 18 217 57 60 245 36 68 210 65 42 188 151 23 116 55 40 30 123
179 36 98 156 124 110 19 115 49 95 67 105 204 285 352 385 219 268 254 268
108 161 18 217 57 60 245 36 68 210 65 42 188 151 23 116 55 40 30 123
108 113 17 180 58 59 179 36 98 156 124 110 19 115 49 95 67 105 204 285
108 161 18 217 57 60 245 36 68 210 65 42 188 151 23 116 55 40 30 123
179 36 98 156 124 110 19 115 49 95 67 105 204 285 352 385 219 268 254 268
108 161 18 217 57 60 245 36 68 210 65 42 188 151 23 116 55 40 30 123
18 217 57 60 245 36 68 210 65 42 188 151 23 116 55 40 30 123 127 32
59 179 36 98 156 124 110 19 115 49 95 67 105 204 285 352 385 219 268 254
18 217 57 60 245 36 68 210 65 42 188 151 23 116 55 40 30 123 127 32
180 58 59 179 36 98 156 124 110 19 115 49 95 67 105 204 285 352 385 219
50 427 108 161 18 217 57 60 245 36 68 210 65 42 188 151 23 116 55 40
179 36 98 156 124 110 19 115 49 95 67 105 204 285 352 385 219 268 254 268
179 36 98 156 124 110 19 115 49 95 67 105 204 285 352 385 219 268 254 268
50 427 108 161 18 217 57 60 245 36 68 210 65 42 188 151 23 116 55 40
18 217 57 60 245 36 68 210 65 42 188 151 23 116 55 40 30 123 127 32
59 179 36 98 156 124 110 19 115 49 95 67 105 204 285 352 385 219 268 254
17 180 58 59 179 36 98 156 124 110 19 115 49 95 67 105 204 285 352 385
18 217 57 60 245 36 68 210 65 42 188 151 23 116 55 40 30 123 127 32
17 180 58 59 179 36 98 156 124 110 19 274 197 185 186 378 427 127 32 128
108 161 18 217 57 60 245 36 68 210 65 42 188 151 23 116 55 40 30 123
18 217 57 60 245 36 68 210 65 42 188 151 23 116 55 40 30 123 127 32
108 161 18 217 57 60 245 36 68 210 65 42 188 151 23 116 55 40 30 123
180 58 59 179 36 98 156 124 110 19 115 49 95 67 105 204 285 352 385 219
59 179 36 98 156 124 110 19 115 49 95 67 105 204 285 352 385 219 268 254
18 217 57 60 245 36 68 210 65 42 188 151 23 116 55 40 30 123 127 32
180 58 59 179 36 98 156 124 110 19 115 49 95 67 105 204 285 352 385 219
179 36 98 156 124 110 19 115 49 95 67 105 204 285 352 385 219 268 254 268
17 180 58 59 179 36 98 156 124 110 19 115 49 95 67 105 204 285 352 385
179 36 98 156 124 110 19 115 49 95 67 105 204 285 352 385 219 268 254 268
18 217 57 60 245 36 68 210 65 42 188 151 23 116 55 40 30 123 127 32
18 217 57 60 245 36 68 210 65 42 188 151 23 116 55 40 30 123 127 32
108 161 18 217 57 60 245 36 68 210 65 42 188 151 23 116 55 40 30 123
180 58 59 179 36 98 156 124 110 19 115 49 95 67 105 204 285 352 385 219
59 179 36 98 156 124 110 19 115 49 95 67 105 204 285 352 385 219 268 254
108 113 17 180 58 59 179 36 98 156 124 110 19 115 49 95 67 105 204 285
108 161 18 217 57 60 245 36 68 210 65 42 188 151 23 116 55 40 30 123
18 217 57 60 245 36 68 210 65 42 188 151 23 116 55 40 30 123 127 32
59 179 36 98 156 124 110 19 115 49 95 67 105 204 285 352 385 219 268 254
18 217 57 60 245 36 68 210 65 42 188 151 23 116 55 40 30 123 127 32
108 161 18 217 57 60 245 36 68 210 65 42 188 151 23 116 55 188 151 23
108 161 18 217 57 60 427 58 59 179 36 98 156 124 110 19 115 49 95 67
108 113 17 179 36 98 156 124 110 19 115 49 95 67 105 204 285 352 385 219
108 113 17 180 58 59 179 36 98 156 124 110 19 115 49 95 67 105 204 285
18 217 57 60 245 36 68 210 65 42 188 151 23 116 55 40 30 123 127 32
180 58 59 179 36 98 156 124 110 19 115 49 95 67 105 204 285 352 385 219
59 179 36 98 156 124 110 19 115 49 95 67 105 204 285 352 385 219 268 254
17 180 58 59 179 36 98 156 124 110 19 115 49 95 67 105 204 285 352 385
17 180 58 59 179 36 98 156 124 110 19 115 49 95 67 105 204 285 352 385
108 179 36 98 156 124 110 19 115 49 95 67 105 204 285 352 385 219 268 254
179 36 98 156 124 110 19 115 49 95 67 105 204 285 352 385 219 268 254 268
18 217 57 60 245 36 68 210 65 42 188 151 23 116 55 40 30 123 127 32
108 113 17 180 58 59 179 36 98 156 124 110 19 115 49 95 67 105 204 285
17 180 58 59 179 36 98 156 124 110 19 115 49 95 67 105 204 285 352 385
108 161 18 217 57 60 245 36 68 210 65 42 188 151 23 116 55 40 30 123
108 161 18 217 57 60 245 36 68 210 65 42 188 151 23 116 55 40 30 123
108 161 18 217 57 60 245 36 68 210 65 42 188 151 23 116 55 40 30 123
108 113 17 180 58 59 179 36 98 156 124 110 19 115 49 95 67 105 204 285
17 179 36 98 156 124 110 19 115 49 95 67 105 204 285 352 385 219 268 254
179 36 98 156 124 110 19 115 49 95 67 105 204 285 352 385 219 268 254 268
108 113 17 180 58 59 179 36 98 156 124 110 19 115 49 95 67 105 204 285
108 161 268 254 268 475 427 427 171 427 285 352 385 219 268 254 268 193 196 225
17 180 58 59 179 36 98 156 124 110 19 115 49 95 67 105 204 285 352 385
180 58 59 179 36 98 156 124 110 19 115 49 95 67 105 204 285 352 385 219
59 179 36 98 156 124 110 19 115 49 95 67 105 204 285 352 385 219 268 254
108 161 18 217 57 60 245 36 68 210 65 42 188 151 23 116 55 40 30 123
108 161 18 217 57 60 245 36 68 210 65 42 188 151 23 116 55 40 30 123
180 58 59 179 36 98 156 124 110 19 115 49 95 67 105 204 285 352 385 219
108 113 17 427 108 113 17 180 58 59 179 36 98 156 124 110 19 115 49 95
108 113 17 180 58 59 179 36 98 156 124 110 19 115 49 95 67 105 204 285
179 36 98 156 124 110 19 115 49 95 67 105 204 285 352 385 219 268 254 268
17 180 58 59 179 36 98 156 124 110 19 115 49 95 67 105 204 285 352 385
17 180 58 59 179 36 98 156 124 110 19 115 49 95 67 105 204 285 352 385
179 36 98 156 124 110 19 115 49 95 67 105 204 285 352 385 219 268 254 268
180 58 59 179 36 98 156 124 110 19 115 49 95 67 105 204 285 352 385 219
18 217 57 60 245 36 68 210 65 42 188 151 23 116 55 40 30 123 127 32
18 217 57 60 245 36 68 210 65 42 188 151 23 116 55 40 30 123 127 32
18 217 57 60 245 36 68 210 65 42 188 151 23 116 55 40 30 123 127 32
18 217 57 60 245 36 68 210 65 42 188 151 23 116 55 40 30 123 127 32
179 36 98 156 124 110 19 115 49 95 67 105 204 285 352 385 219 268 254 268
108 113 17 180 58 59 179 36 98 156 124 110 19 115 49 95 67 105 204 285
18 217 57 60 245 36 68 210 65 42 188 151 23 116 55 40 30 123 127 32
17 180 58 59 179 36 98 156 124 110 19 115 49 95 67 105 204 285 352 385
179 36 98 156 124 110 19 115 49 95 67 105 204 285 352 385 219 268 254 268
18 217 57 60 245 36 68 210 65 42 188 151 23 116 55 40 30 123 127 32
18 217 57 60 245 36 68 210 65 42 188 151 23 116 55 40 30 123 127 32
17 180 58 59 179 36 98 156 124 110 19 115 49 95 67 105 204 285 352 385
18 217 57 60 245 36 68 210 65 42 188 151 23 116 55 40 30 123 127 32
179 36 98 156 124 110 19 115 49 95 67 105 204 285 352 385 219 268 254 268
108 161 18 217 57 60 245 36 68 210 65 42 188 151 23 116 55 40 30 123
50 427 108 161 18 217 57 60 245 36 68 210 65 42 188 151 23 116 55 40
108 113 17 180 58 59 179 36 98 156 124 110 19 115 49 95 67 105 204 285
17 180 58 59 179 36 98 156 124 110 19 115 49 95 67 105 204 285 352 385
179 36 98 156 124 110 19 115 49 95 67 105 204 285 352 385 219 268 254 268
180 58 59 179 36 98 156 124 110 19 115 49 95 67 105 204 285 352 385 219
18 217 57 60 245 36 68 210 65 42 188 151 23 116 55 40 30 123 127 32
17 180 58 59 179 36 98 156 124 110 19 115 49 95 67 105 204 285 352 385
59 179 36 98 156 124 110 19 115 49 95 67 105 204 285 352 385 219 268 254
50 427 108 161 18 217 57 60 245 36 68 210 65 42 188 151 23 116 55 40
18 217 57 60 245 36 68 210 65 42 188 151 23 116 55 40 30 123 127 32
17 180 58 59 179 36 98 156 124 110 19 115 49 95 67 105 204 285 352 385
108 161 18 217 57 60 245 36 68 210 65 42 188 151 23 116 55 40 30 123
108 161 18 217 57 60 245 36 68 210 65 42 188 151 23 116 55 40 30 123
59 179 36 98 156 124 110 19 115 49 95 67 105 204 285 352 385 219 268 254
108 113 17 180 58 59 179 36 98 156 124 110 19 115 49 95 67 105 204 285
18 217 57 60 245 36 68 210 65 42 188 151 23 116 55 40 30 123 127 32
17 180 58 59 179 36 98 156 124 110 19 115 49 95 67 105 204 285 352 385
108 113 17 180 58 59 179 36 98 156 124 110 19 115 49 95 67 105 204 285
179 36 98 156 124 110 19 115 49 95 67 105 204 285 352 385 219 268 254 268
59 179 36 98 156 124 110 19 115 49 95 67 105 204 285 352 385 219 268 254
108 113 17 180 58 59 179 36 98 156 124 110 19 115 49 95 67 105 204 285
19 115 49 95 67 105 204 285 352 385 219 268 254 268 49 95 67 105 204 285
180 58 59 179 36 98 156 124 110 19 115 49 95 67 105 204 285 352 385 219
17 180 58 59 179 36 98 156 124 110 19 115 49 95 67 105 204 285 352 385
59 179 36 98 156 124 110 19 115 49 95 67 105 204 285 352 385 219 268 254
17 180 58 59 179 36 98 156 124 110 19 115 49 95 67 105 204 285 352 385
108 113 17 180 58 59 179 36 98 156 124 110 19 115 49 95 67 105 204 285
50 427 108 161 18 217 57 60 245 36 68 210 65 42 188 151 23 116 55 40
17 180 58 59 179 36 98 156 124 110 19 115 49 95 67 105 204 285 352 385
108 161 18 217 57 60 245 36 68 210 65 42 188 151 23 116 55 40 30 123
108 161 18 217 57 60 245 36 68 210 65 42 188 151 23 116 55 40 30 123
59 179 36 98 156 124 110 19 115 49 95 67 105 204 285 352 385 219 268 254
18 217 57 60 245 36 68 210 65 42 188 151 23 116 55 40 30 123 127 32
108 161 18 217 57 60 245 36 68 210 65 42 188 151 23 116 55 40 30 123
179 36 98 156 124 110 19 115 49 95 67 105 204 285 352 385 219 268 254 268
50 427 108 161 18 217 57 60 245 36 68 210 65 42 188 151 23 116 55 40
18 217 57 60 245 36 68 210 65 42 188 151 23 116 55 40 30 123 127 32
108 161 18 217 57 60 245 36 68 210 65 42 188 151 23 116 55 40 30 123
180 58 59 179 36 98 156 124 110 19 115 49 95 67 105 204 285 352 385 219
108 113 17 180 58 59 179 36 98 156 124 110 19 115 49 95 67 105 204 285
18 217 57 60 245 36 68 210 65 42 188 151 23 116 55 40 30 123 127 32
108 161 18 217 57 60 245 36 68 210 65 42 188 151 23 116 55 40 30 123
108 113 18 217 57 60 245 36 68 210 65 42 188 151 23 116 55 40 30 123
32 101 210 65 42 188 151 23 116 55 40 30 123 127 32 427 67 105 204 285
108 113 17 180 58 59 179 36 98 156 124 110 19 115 49 95 67 105 204 285
59 179 36 98 156 124 110 19 115 49 95 67 105 204 285 352 385 219 268 254
17 180 58 59 179 36 98 156 124 110 19 115 49 95 67 105 204 285 352 385
108 161 18 217 57 60 245 36 68 210 65 42 188 151 23 116 55 40 30 123
18 217 57 60 245 36 68 210 65 42 188 151 23 116 55 40 30 123 127 32
179 36 98 156 124 110 19 115 49 95 67 105 204 285 352 385 219 268 254 268
18 217 57 60 245 36 68 210 65 42 188 151 23 116 55 40 30 123 127 32
108 108 161 18 217 57 60 245 36 68 210 65 42 188 151 23 116 55 40 30
108 113 17 180 58 59 179 36 98 156 124 110 19 115 49 95 67 105 204 285
50 427 427 108 161 18 217 57 60 245 36 68 210 65 42 188 151 23 116 55
179 36 98 156 124 110 19 115 49 95 67 105 204 285 352 385 219 268 254 268
180 58 59 179 36 98 156 124 110 19 115 49 95 67 105 204 285 352 385 219
17 180 58 59 179 36 98 156 124 110 19 115 49 95 67 105 204 285 352 385
108 113 17 180 58 59 179 36 98 156 124 110 19 115 49 95 67 105 204 285
50 427 108 161 18 217 57 60 245 36 68 210 65 42 188 151 23 116 55 40
59 179 36 98 156 124 110 19 115 49 95 67 105 204 285 352 385 219 268 254
59 179 36 98 156 124 110 19 115 49 95 67 105 204 285 352 385 219 268 254
108 113 17 180 58 59 179 36 98 156 124 110 19 115 49 95 67 105 204 285
17 180 58 59 179 36 98 156 124 110 19 115 49 95 67 105 204 285 352 385
18 217 57 60 245 36 68 210 65 42 188 151 23 116 55 40 30 123 127 32
108 179 36 98 156 124 110 19 115 49 95 67 105 204 285 352 385 219 268 254
108 161 18 217 57 60 245 36 68 210 65 42 188 151 23 116 55 40 30 123
59 179 36 98 156 124 110 19 115 49 95 67 105 204 285 352 385 219 268 254
18 217 57 60 245 36 68 210 65 42 188 151 23 116 55 40 30 123 127 32
180 58 59 179 36 98 156 124 110 19 115 49 95 67 105 204 285 352 385 219
17 180 58 59 179 36 98 156 124 110 19 115 49 95 67 105 204 285 352 385
179 36 98 156 124 110 19 115 49 95 67 105 204 285 352 385 219 268 254 268
427 108 113 17 180 58 59 179 36 98 156 124 110 19 115 49 95 67 105 204
410 343 427 225 298 238 382 429 398 395 361 395 353 321 353 340 353 287 340 353
179 36 98 156 124 110 19 115 49 95 67 105 204 285 352 385 219 268 254 268
179 36 98 156 124 110 19 115 49 95 67 105 204 285 352 385 219 268 254 268
179 36 98 156 124 110 19 115 49 95 67 105 204 285 352 385 219 268 254 268
18 217 57 60 245 36 68 210 65 42 188 151 23 116 55 40 30 123 127 32
108 113 17 180 58 59 179 36 98 156 124 110 19 115 49 95 67 105 204 285
17 180 58 59 179 36 98 156 124 110 19 115 49 95 67 105 204 285 352 385
179 36 98 156 124 110 19 115 49 95 67 105 204 285 352 385 219 268 254 268
50 427 108 161 18 217 57 60 245 36 68 210 65 42 188 151 23 116 55 40
59 179 36 98 156 124 110 19 115 49 95 67 105 204 285 352 385 219 268 254
18 217 57 60 245 36 68 210 65 42 188 151 23 116 55 40 30 123 127 32
488 59 179 36 98 156 124 110 19 115 49 95 67 105 204 285 352 385 219 268
179 36 98 156 124 110 19 115 49 95 67 105 204 285 352 385 219 268 254 268
59 179 36 98 156 124 110 19 115 49 95 67 105 204 285 352 385 219 268 254
180 58 59 179 36 98 156 124 110 19 115 49 95 67 105 204 285 352 385 219
180 58 59 179 36 98 156 124 110 19 115 49 95 67 105 204 285 352 385 219
17 180 58 59 179 36 98 156 124 110 19 115 49 95 67 105 204 285 352 385
179 36 98 156 124 110 19 115 49 95 67 105 204 285 352 385 219 268 254 268
59 179 36 98 156 124 110 19 115 49 95 67 105 204 285 352 385 219 268 254
17 180 58 59 179 36 98 156 124 110 19 115 49 95 67 105 204 285 352 385
273 293 427 285 352 385 219 268 254 268 475 254 268 475 49 95 67 105 204 285
17 179 36 98 156 124 110 19 115 49 95 67 105 204 285 352 385 219 268 254
18 217 57 60 245 36 68 210 65 42 188 151 23 116 55 40 30 123 127 32
18 217 57 60 245 36 68 210 65 42 188 151 23 116 55 40 30 123 127 32
179 36 98 156 124 110 19 115 49 95 67 105 204 285 352 385 219 268 254 268
59 179 36 98 156 124 110 19 115 49 95 67 105 204 285 352 385 219 268 254
108 113 17 180 58 59 179 36 98 156 124 110 19 115 49 95 67 105 204 285
17 180 58 59 179 36 98 156 124 110 19 115 49 95 67 105 204 285 352 385
124 110 19 115 49 95 67 105 204 285 352 385 219 268 254 268 254 268 30 123
179 36 98 156 124 110 19 115 49 95 67 105 204 285 352 385 219 268 254 268
50 427 108 161 18 217 57 60 245 36 68 210 65 42 188 151 23 116 55 40
179 36 98 156 124 110 19 115 49 95 67 105 204 285 352 385 219 268 254 268
17 180 58 59 179 36 98 156 124 110 19 115 49 95 67 105 204 285 352 385
108 161 18 217 57 60 245 36 68 210 65 42 188 151 23 116 55 40 30 123
108 113 17 180 58 59 179 36 98 156 124 110 19 115 49 95 66 105 204 285
108 161 18 217 57 60 245 36 68 210 65 42 188 151 23 116 55 40 30 123
17 180 58 59 179 36 98 156 124 110 19 115 49 95 67 105 204 285 352 385
179 36 98 156 124 110 19 115 49 95 67 105 204 285 352 385 219 268 254 268
108 113 17 180 58 59 179 36 98 156 124 110 19 115 49 95 67 105 204 285
108 161 18 217 57 60 245 36 68 210 65 42 188 151 23 116 55 40 30 123
108 113 17 180 58 59 179 36 98 156 124 110 19 115 49 95 67 105 204 285
45 268 254 268 254 268 475 65 42 188 151 23 116 55 40 30 123 127 32 129
108 161 18 217 57 60 245 36 68 210 65 42 188 151 23 116 55 40 30 123
50 427 108 113 17 180 58 59 179 36 98 156 124 110 19 115 49 95 67 105
50 427 108 161 18 217 57 60 245 36 68 210 65 42 188 151 23 116 55 40
179 36 98 156 124 110 19 115 49 95 67 105 204 285 352 385 219 268 254 268
50 427 108 161 18 217 57 60 245 36 68 210 65 42 188 151 23 116 55 40
18 217 57 60 245 36 68 210 65 42 188 151 23 116 55 40 30 123 127 32
17 180 58 59 179 36 98 156 124 110 19 115 49 95 67 105 204 285 352 385
59 179 36 98 156 124 110 19 115 49 95 67 105 204 285 352 385 219 268 254
180 58 59 179 36 98 156 124 110 19 115 49 95 67 105 204 285 352 385 219
17 180 58 59 179 36 98 156 124 110 19 115 49 95 67 105 204 285 352 385
108 161 18 217 57 60 245 36 68 210 65 42 188 151 23 116 55 40 30 123
50 427 108 161 18 217 57 60 245 36 68 210 65 42 188 151 23 116 55 40
17 180 58 59 179 36 98 156 124 110 19 115 49 95 67 105 204 285 352 385
59 179 36 98 156 124 110 19 115 49 95 67 105 204 285 352 385 219 268 254
180 58 59 179 36 98 156 124 110 19 115 49 95 67 105 204 285 352 385 219
50 427 108 113 17 180 58 59 179 36 98 156 124 110 19 115 49 95 67 105
180 58 59 179 36 98 156 124 110 19 115 49 95 67 105 204 285 352 385 219
59 179 36 98 156 124 110 19 115 49 95 67 105 204 285 352 385 219 268 254
18 217 57 68 210 65 42 188 151 23 116 55 40 30 123 127 32 128 50 427
180 58 59 179 36 98 156 124 110 19 115 49 95 67 105 204 285 352 385 219
17 180 58 59 179 36 98 156 124 110 19 115 49 95 67 105 204 285 352 385
59 179 36 98 156 124 110 19 115 49 95 67 105 204 285 352 385 219 268 254
180 58 59 179 36 98 156 124 110 19 115 49 95 67 105 204 285 352 385 219
17 180 58 59 179 36 98 156 124 110 19 115 49 95 67 105 204 285 352 385
17 180 58 59 179 36 98 156 124 110 19 115 49 95 67 105 204 285 352 385
108 113 17 180 58 59 179 36 98 156 124 110 19 115 49 95 67 105 204 285
108 161 18 217 57 60 245 36 68 210 65 42 188 151 23 116 55 40 30 123
108 113 17 180 58 59 179 36 98 156 124 110 19 115 49 95 67 105 204 285
180 58 59 179 36 98 156 124 110 19 115 49 95 67 105 204 285 352 385 219
108 113 17 180 58 59 179 36 98 156 124 110 19 115 49 95 67 105 204 285
18 217 57 60 245 36 68 210 65 42 188 151 23 116 55 40 30 123 127 32
18 217 57 60 245 36 68 210 65 42 188 151 23 116 55 40 30 123 127 32
17 180 58 59 179 36 98 156 124 110 19 115 49 95 67 105 204 285 352 385
17 180 58 59 179 36 98 156 124 110 19 115 49 95 67 105 204 285 352 385
18 217 57 60 245 36 68 210 65 42 188 151 23 116 55 40 30 123 127 32
108 161 18 217 57 60 245 36 68 210 65 42 188 151 23 116 55 40 30 123
18 217 57 60 245 36 68 210 65 42 188 151 23 116 55 40 30 123 127 32
17 180 58 59 179 36 98 156 124 110 19 115 49 95 67 105 204 285 352 385
17 180 58 59 179 36 98 156 124 110 19 115 49 95 67 105 204 285 352 385
108 161 18 217 57 60 245 36 68 210 65 42 188 151 23 116 55 40 30 123
59 179 36 98 156 124 110 19 115 49 95 67 105 204 285 352 385 219 268 254
108 161 268 254 268 254 268 254 268 475 49 95 67 105 204 285 352 385 219 268
50 427 108 161 18 217 57 60 245 36 68 210 65 42 188 151 23 116 55 40
108 161 18 217 57 60 245 36 68 210 65 42 188 151 23 116 55 40 30 123
17 180 58 59 179 36 98 156 124 110 19 115 49 95 67 105 204 285 352 385
179 36 98 156 124 110 19 115 49 95 67 105 204 285 339 352 385 219 268 254
17 180 58 59 179 36 98 156 124 110 19 115 49 95 67 105 204 285 352 385
179 36 98 156 124 110 19 115 49 95 67 105 204 285 352 385 219 268 254 268
18 217 57 60 245 36 68 210 65 42 188 151 23 116 55 40 30 123 127 32
108 113 17 180 58 59 179 36 98 156 124 110 19 115 49 95 67 105 204 285
108 113 17 180 58 59 179 36 98 156 124 110 19 115 49 95 67 105 204 285
108 161 18 217 57 60 245 36 68 210 65 42 188 151 23 116 55 40 30 123
17 180 58 59 179 36 98 156 124 110 19 115 49 95 67 105 204 285 352 385
106 179 36 98 156 124 110 19 115 49 95 67 105 204 285 352 385 219 268 254
50 108 161 18 217 57 60 245 36 68 210 65 42 188 151 23 116 55 40 30
108 113 17 180 58 59 179 36 98 156 124 110 19 115 49 95 67 105 204 285
18 217 57 60 245 36 68 210 65 42 188 151 23 116 55 40 30 123 127 32
17 180 58 59 179 36 98 156 124 110 19 115 49 95 67 105 385 219 268 254
108 161 18 217 57 60 245 36 68 210 65 42 188 151 23 116 55 40 30 123
179 36 98 156 124 110 19 115 49 95 67 105 204 285 352 385 219 268 254 268
179 36 98 156 124 110 19 115 49 95 67 105 204 285 352 385 219 268 254 268
18 217 57 60 245 36 68 210 65 42 188 151 23 116 55 40 30 123 127 32
179 36 98 156 124 110 19 115 49 95 67 105 204 285 352 385 219 268 254 268
108 161 18 217 57 60 245 36 68 210 65 42 188 151 23 116 55 40 30 123
18 217 57 60 245 36 68 210 65 42 188 151 23 116 55 40 30 123 127 32
179 36 98 156 124 110 19 115 49 95 67 105 204 285 352 385 219 268 254 268
